5.657149553142696297e-01, 5.657149553142696297e-01, 5.657149553142696297e-01, 5.657149553142696297e-01, 5.657149553142696297e-01, 5.657149553142696297e-01, 5.657149553142696297e-01, 5.657149553142696297e-01, 5.657149553142696297e-01, 7.590118099606903979e-01
-1.987941692415811368e-01, -1.987941692415811368e-01, -1.987941692415811368e-01, -1.987941692415811368e-01, -1.987941692415811368e-01, -1.987941692415811368e-01, -1.987941692415811368e-01, -1.987941692415811368e-01, -1.987941692415811368e-01, -5.497314595164614313e-03
4.292322896905049756e-01, 4.292322896905049756e-01, 4.292322896905049756e-01, 4.292322896905049756e-01, 4.292322896905049756e-01, 4.292322896905049756e-01, 4.292322896905049756e-01, 4.292322896905049756e-01, 4.292322896905049756e-01, 6.225291443369187494e-01
4.225279644067159723e-01, 4.225279644067159723e-01, 4.225279644067159723e-01, 4.225279644067159723e-01, 4.225279644067159723e-01, 4.225279644067159723e-01, 4.225279644067159723e-01, 4.225279644067159723e-01, 4.225279644067159723e-01, 6.158248190531253607e-01
1.946905761227456233e-01, 1.946905761227456233e-01, 1.946905761227456233e-01, 1.946905761227456233e-01, 1.946905761227456233e-01, 1.946905761227456233e-01, 1.946905761227456233e-01, 1.946905761227456233e-01, 1.946905761227456233e-01, 3.879874307691715263e-01
2.324642202142896685e-01, 2.324642202142896685e-01, 2.324642202142896685e-01, 2.324642202142896685e-01, 2.324642202142896685e-01, 2.324642202142896685e-01, 2.324642202142896685e-01, 2.324642202142896685e-01, 2.324642202142896685e-01, 4.257610748607000284e-01
3.547151872983567156e-01, 3.547151872983567156e-01, 3.547151872983567156e-01, 3.547151872983567156e-01, 3.547151872983567156e-01, 3.547151872983567156e-01, 3.547151872983567156e-01, 3.547151872983567156e-01, 3.547151872983567156e-01, 5.480120419447660485e-01
3.791526896836751592e-01, 3.791526896836751592e-01, 3.791526896836751592e-01, 3.791526896836751592e-01, 3.791526896836751592e-01, 3.791526896836751592e-01, 3.791526896836751592e-01, 3.791526896836751592e-01, 3.791526896836751592e-01, 5.724495443300913200e-01
-2.685787685088018573e-01, -2.685787685088018573e-01, -2.685787685088018573e-01, -2.685787685088018573e-01, -2.685787685088018573e-01, -2.685787685088018573e-01, -2.685787685088018573e-01, -2.685787685088018573e-01, -2.685787685088018573e-01, -7.528191386238790306e-02
3.472196463800245048e-01, 3.472196463800245048e-01, 3.472196463800245048e-01, 3.472196463800245048e-01, 3.472196463800245048e-01, 3.472196463800245048e-01, 3.472196463800245048e-01, 3.472196463800245048e-01, 3.472196463800245048e-01, 5.405165010264377790e-01
-1.288869106434392675e-01, -1.288869106434392675e-01, -1.288869106434392675e-01, -1.288869106434392675e-01, -1.288869106434392675e-01, -1.288869106434392675e-01, -1.288869106434392675e-01, -1.288869106434392675e-01, -1.288869106434392675e-01, 6.440994400297869737e-02
6.529584855909866814e-01, 6.529584855909866814e-01, 6.529584855909866814e-01, 6.529584855909866814e-01, 6.529584855909866814e-01, 6.529584855909866814e-01, 6.529584855909866814e-01, 6.529584855909866814e-01, 6.529584855909866814e-01, 8.462553402374102252e-01
-1.349253486319068260e-03, -1.349253486319068260e-03, -1.349253486319068260e-03, -1.349253486319068260e-03, -1.349253486319068260e-03, -1.349253486319068260e-03, -1.349253486319068260e-03, -1.349253486319068260e-03, -1.349253486319068260e-03, 1.919476011601042864e-01
-6.944559662851855497e-02, -6.944559662851855497e-02, -6.944559662851855497e-02, -6.944559662851855497e-02, -6.944559662851855497e-02, -6.944559662851855497e-02, -6.944559662851855497e-02, -6.944559662851855497e-02, -6.944559662851855497e-02, 1.238512580179002009e-01
1.405755732427623611e-02, 1.405755732427623611e-02, 1.405755732427623611e-02, 1.405755732427623611e-02, 1.405755732427623611e-02, 1.405755732427623611e-02, 1.405755732427623611e-02, 1.405755732427623611e-02, 1.405755732427623611e-02, 2.073544119706945965e-01
3.350161347280812829e-01, 3.350161347280812829e-01, 3.350161347280812829e-01, 3.350161347280812829e-01, 3.350161347280812829e-01, 3.350161347280812829e-01, 3.350161347280812829e-01, 3.350161347280812829e-01, 3.350161347280812829e-01, 5.283129893745052152e-01
1.810981228401210008e-01, 1.810981228401210008e-01, 1.810981228401210008e-01, 1.810981228401210008e-01, 1.810981228401210008e-01, 1.810981228401210008e-01, 1.810981228401210008e-01, 1.810981228401210008e-01, 1.810981228401210008e-01, 3.743949774865333313e-01
3.767170811984301704e-01, 3.767170811984301704e-01, 3.767170811984301704e-01, 3.767170811984301704e-01, 3.767170811984301704e-01, 3.767170811984301704e-01, 3.767170811984301704e-01, 3.767170811984301704e-01, 3.767170811984301704e-01, 5.700139358448486071e-01
7.365417906249223379e-02, 7.365417906249223379e-02, 7.365417906249223379e-02, 7.365417906249223379e-02, 7.365417906249223379e-02, 7.365417906249223379e-02, 7.365417906249223379e-02, 7.365417906249223379e-02, 7.365417906249223379e-02, 2.669510337089119889e-01
4.956680277366733445e-01, 4.956680277366733445e-01, 4.956680277366733445e-01, 4.956680277366733445e-01, 4.956680277366733445e-01, 4.956680277366733445e-01, 4.956680277366733445e-01, 4.956680277366733445e-01, 4.956680277366733445e-01, 6.889648823830931690e-01
4.507486642098720298e-01, 4.507486642098720298e-01, 4.507486642098720298e-01, 4.507486642098720298e-01, 4.507486642098720298e-01, 4.507486642098720298e-01, 4.507486642098720298e-01, 4.507486642098720298e-01, 4.507486642098720298e-01, 6.440455188562922428e-01
7.401962056773149501e-02, 7.401962056773149501e-02, 7.401962056773149501e-02, 7.401962056773149501e-02, 7.401962056773149501e-02, 7.401962056773149501e-02, 7.401962056773149501e-02, 7.401962056773149501e-02, 7.401962056773149501e-02, 2.673164752141459766e-01
-5.459169200201118705e-02, -5.459169200201118705e-02, -5.459169200201118705e-02, -5.459169200201118705e-02, -5.459169200201118705e-02, -5.459169200201118705e-02, -5.459169200201118705e-02, -5.459169200201118705e-02, -5.459169200201118705e-02, 1.387051626444107399e-01
2.257046480281282297e-01, 2.257046480281282297e-01, 2.257046480281282297e-01, 2.257046480281282297e-01, 2.257046480281282297e-01, 2.257046480281282297e-01, 2.257046480281282297e-01, 2.257046480281282297e-01, 2.257046480281282297e-01, 4.190015026745507187e-01
3.887533133139516317e-01, 3.887533133139516317e-01, 3.887533133139516317e-01, 3.887533133139516317e-01, 3.887533133139516317e-01, 3.887533133139516317e-01, 3.887533133139516317e-01, 3.887533133139516317e-01, 3.887533133139516317e-01, 5.820501679603810041e-01
-1.547166969530847924e-01, -1.547166969530847924e-01, -1.547166969530847924e-01, -1.547166969530847924e-01, -1.547166969530847924e-01, -1.547166969530847924e-01, -1.547166969530847924e-01, -1.547166969530847924e-01, -1.547166969530847924e-01, 3.858015769333335981e-02
3.481720287391906199e-01, 3.481720287391906199e-01, 3.481720287391906199e-01, 3.481720287391906199e-01, 3.481720287391906199e-01, 3.481720287391906199e-01, 3.481720287391906199e-01, 3.481720287391906199e-01, 3.481720287391906199e-01, 5.414688833856075023e-01
2.483702919832464773e-01, 2.483702919832464773e-01, 2.483702919832464773e-01, 2.483702919832464773e-01, 2.483702919832464773e-01, 2.483702919832464773e-01, 2.483702919832464773e-01, 2.483702919832464773e-01, 2.483702919832464773e-01, 4.416671466296624438e-01
1.861326745659684923e-01, 1.861326745659684923e-01, 1.861326745659684923e-01, 1.861326745659684923e-01, 1.861326745659684923e-01, 1.861326745659684923e-01, 1.861326745659684923e-01, 1.861326745659684923e-01, 1.861326745659684923e-01, 3.794295292123876506e-01
7.153211415815474705e-02, 7.153211415815474705e-02, 7.153211415815474705e-02, 7.153211415815474705e-02, 7.153211415815474705e-02, 7.153211415815474705e-02, 7.153211415815474705e-02, 7.153211415815474705e-02, 7.153211415815474705e-02, 2.648289688045805668e-01
-2.649498926121240383e-01, -2.649498926121240383e-01, -2.649498926121240383e-01, -2.649498926121240383e-01, -2.649498926121240383e-01, -2.649498926121240383e-01, -2.649498926121240383e-01, -2.649498926121240383e-01, -2.649498926121240383e-01, -7.165303796571054207e-02
-2.557247156545769950e-01, -2.557247156545769950e-01, -2.557247156545769950e-01, -2.557247156545769950e-01, -2.557247156545769950e-01, -2.557247156545769950e-01, -2.557247156545769950e-01, -2.557247156545769950e-01, -2.557247156545769950e-01, -6.242786100816348493e-02
2.968767252816951197e-01, 2.968767252816951197e-01, 2.968767252816951197e-01, 2.968767252816951197e-01, 2.968767252816951197e-01, 2.968767252816951197e-01, 2.968767252816951197e-01, 2.968767252816951197e-01, 2.968767252816951197e-01, 4.901735799281123351e-01
-1.557766296080845547e-01, -1.557766296080845547e-01, -1.557766296080845547e-01, -1.557766296080845547e-01, -1.557766296080845547e-01, -1.557766296080845547e-01, -1.557766296080845547e-01, -1.557766296080845547e-01, -1.557766296080845547e-01, 3.752022503833715023e-02
-1.208424786131025441e-01, -1.208424786131025441e-01, -1.208424786131025441e-01, -1.208424786131025441e-01, -1.208424786131025441e-01, -1.208424786131025441e-01, -1.208424786131025441e-01, -1.208424786131025441e-01, -1.208424786131025441e-01, 7.245437603331839060e-02
7.886728106888446499e-02, 7.886728106888446499e-02, 7.886728106888446499e-02, 7.886728106888446499e-02, 7.886728106888446499e-02, 7.886728106888446499e-02, 7.886728106888446499e-02, 7.886728106888446499e-02, 7.886728106888446499e-02, 2.721641357153027907e-01
-3.911490867907893576e-01, -3.911490867907893576e-01, -3.911490867907893576e-01, -3.911490867907893576e-01, -3.911490867907893576e-01, -3.911490867907893576e-01, -3.911490867907893576e-01, -3.911490867907893576e-01, -3.911490867907893576e-01, -1.978522321443705878e-01
-3.837046970177835359e-01, -3.837046970177835359e-01, -3.837046970177835359e-01, -3.837046970177835359e-01, -3.837046970177835359e-01, -3.837046970177835359e-01, -3.837046970177835359e-01, -3.837046970177835359e-01, -3.837046970177835359e-01, -1.904078423713626289e-01
-4.111787520113085459e-01, -4.111787520113085459e-01, -4.111787520113085459e-01, -4.111787520113085459e-01, -4.111787520113085459e-01, -4.111787520113085459e-01, -4.111787520113085459e-01, -4.111787520113085459e-01, -4.111787520113085459e-01, -2.178818973648842250e-01
-1.225719849217109247e-01, -1.225719849217109247e-01, -1.225719849217109247e-01, -1.225719849217109247e-01, -1.225719849217109247e-01, -1.225719849217109247e-01, -1.225719849217109247e-01, -1.225719849217109247e-01, -1.225719849217109247e-01, 7.072486972470709565e-02
-1.393698033333521380e-01, -1.393698033333521380e-01, -1.393698033333521380e-01, -1.393698033333521380e-01, -1.393698033333521380e-01, -1.393698033333521380e-01, -1.393698033333521380e-01, -1.393698033333521380e-01, -1.393698033333521380e-01, 5.392705131306892163e-02
-7.407455161577322644e-02, -7.407455161577322644e-02, -7.407455161577322644e-02, -7.407455161577322644e-02, -7.407455161577322644e-02, -7.407455161577322644e-02, -7.407455161577322644e-02, -7.407455161577322644e-02, -7.407455161577322644e-02, 1.192223030306445164e-01
1.599978893819161418e-01, 1.599978893819161418e-01, 1.599978893819161418e-01, 1.599978893819161418e-01, 1.599978893819161418e-01, 1.599978893819161418e-01, 1.599978893819161418e-01, 1.599978893819161418e-01, 1.599978893819161418e-01, 3.532947440283341622e-01
1.853082985740477640e-01, 1.853082985740477640e-01, 1.853082985740477640e-01, 1.853082985740477640e-01, 1.853082985740477640e-01, 1.853082985740477640e-01, 1.853082985740477640e-01, 1.853082985740477640e-01, 1.853082985740477640e-01, 3.786051532204629533e-01
2.772686129613013417e-01, 2.772686129613013417e-01, 2.772686129613013417e-01, 2.772686129613013417e-01, 2.772686129613013417e-01, 2.772686129613013417e-01, 2.772686129613013417e-01, 2.772686129613013417e-01, 2.772686129613013417e-01, 4.705654676077201115e-01
1.842318282232917048e-01, 1.842318282232917048e-01, 1.842318282232917048e-01, 1.842318282232917048e-01, 1.842318282232917048e-01, 1.842318282232917048e-01, 1.842318282232917048e-01, 1.842318282232917048e-01, 1.842318282232917048e-01, 3.775286828697203001e-01
4.783675301541798208e-01, 4.783675301541798208e-01, 4.783675301541798208e-01, 4.783675301541798208e-01, 4.783675301541798208e-01, 4.783675301541798208e-01, 4.783675301541798208e-01, 4.783675301541798208e-01, 4.783675301541798208e-01, 6.716643848005907635e-01
-1.865222579464666797e-01, -1.865222579464666797e-01, -1.865222579464666797e-01, -1.865222579464666797e-01, -1.865222579464666797e-01, -1.865222579464666797e-01, -1.865222579464666797e-01, -1.865222579464666797e-01, -1.865222579464666797e-01, 6.774596699949689271e-03
-4.364576698053990733e-01, -4.364576698053990733e-01, -4.364576698053990733e-01, -4.364576698053990733e-01, -4.364576698053990733e-01, -4.364576698053990733e-01, -4.364576698053990733e-01, -4.364576698053990733e-01, -4.364576698053990733e-01, -2.431608151589876865e-01
1.566107442388794402e-01, 1.566107442388794402e-01, 1.566107442388794402e-01, 1.566107442388794402e-01, 1.566107442388794402e-01, 1.566107442388794402e-01, 1.566107442388794402e-01, 1.566107442388794402e-01, 1.566107442388794402e-01, 3.499075988853007080e-01
2.221010597712846368e-01, 2.221010597712846368e-01, 2.221010597712846368e-01, 2.221010597712846368e-01, 2.221010597712846368e-01, 2.221010597712846368e-01, 2.221010597712846368e-01, 2.221010597712846368e-01, 2.221010597712846368e-01, 4.153979144177050720e-01
-3.427959925101034533e-01, -3.427959925101034533e-01, -3.427959925101034533e-01, -3.427959925101034533e-01, -3.427959925101034533e-01, -3.427959925101034533e-01, -3.427959925101034533e-01, -3.427959925101034533e-01, -3.427959925101034533e-01, -1.494991378636855717e-01
3.810022400088962091e-01, 3.810022400088962091e-01, 3.810022400088962091e-01, 3.810022400088962091e-01, 3.810022400088962091e-01, 3.810022400088962091e-01, 3.810022400088962091e-01, 3.810022400088962091e-01, 3.810022400088962091e-01, 5.742990946553225839e-01
-1.875609432353055051e-01, -1.875609432353055051e-01, -1.875609432353055051e-01, -1.875609432353055051e-01, -1.875609432353055051e-01, -1.875609432353055051e-01, -1.875609432353055051e-01, -1.875609432353055051e-01, -1.875609432353055051e-01, 5.735911411116226787e-03
4.865762207506757475e-01, 4.865762207506757475e-01, 4.865762207506757475e-01, 4.865762207506757475e-01, 4.865762207506757475e-01, 4.865762207506757475e-01, 4.865762207506757475e-01, 4.865762207506757475e-01, 4.865762207506757475e-01, 6.798730753970871898e-01
9.606467372224254675e-02, 9.606467372224254675e-02, 9.606467372224254675e-02, 9.606467372224254675e-02, 9.606467372224254675e-02, 9.606467372224254675e-02, 9.606467372224254675e-02, 9.606467372224254675e-02, 9.606467372224254675e-02, 2.893615283686598594e-01
-2.860207995743438980e-01, -2.860207995743438980e-01, -2.860207995743438980e-01, -2.860207995743438980e-01, -2.860207995743438980e-01, -2.860207995743438980e-01, -2.860207995743438980e-01, -2.860207995743438980e-01, -2.860207995743438980e-01, -9.272394492792840337e-02
1.485450772225645477e-01, 1.485450772225645477e-01, 1.485450772225645477e-01, 1.485450772225645477e-01, 1.485450772225645477e-01, 1.485450772225645477e-01, 1.485450772225645477e-01, 1.485450772225645477e-01, 1.485450772225645477e-01, 3.418419318689839836e-01
3.356600366735938978e-01, 3.356600366735938978e-01, 3.356600366735938978e-01, 3.356600366735938978e-01, 3.356600366735938978e-01, 3.356600366735938978e-01, 3.356600366735938978e-01, 3.356600366735938978e-01, 3.356600366735938978e-01, 5.289568913200067835e-01
-2.198837006714295939e-01, -2.198837006714295939e-01, -2.198837006714295939e-01, -2.198837006714295939e-01, -2.198837006714295939e-01, -2.198837006714295939e-01, -2.198837006714295939e-01, -2.198837006714295939e-01, -2.198837006714295939e-01, -2.658684602501244429e-02
-2.927413104029658042e-01, -2.927413104029658042e-01, -2.927413104029658042e-01, -2.927413104029658042e-01, -2.927413104029658042e-01, -2.927413104029658042e-01, -2.927413104029658042e-01, -2.927413104029658042e-01, -2.927413104029658042e-01, -9.944445575655180836e-02
-2.027631680241375467e-01, -2.027631680241375467e-01, -2.027631680241375467e-01, -2.027631680241375467e-01, -2.027631680241375467e-01, -2.027631680241375467e-01, -2.027631680241375467e-01, -2.027631680241375467e-01, -2.027631680241375467e-01, -9.466313377722735539e-03
-3.758215607471121489e-02, -3.758215607471121489e-02, -3.758215607471121489e-02, -3.758215607471121489e-02, -3.758215607471121489e-02, -3.758215607471121489e-02, -3.758215607471121489e-02, -3.758215607471121489e-02, -3.758215607471121489e-02, 1.557146985717062782e-01
-1.926062842024179322e-01, -1.926062842024179322e-01, -1.926062842024179322e-01, -1.926062842024179322e-01, -1.926062842024179322e-01, -1.926062842024179322e-01, -1.926062842024179322e-01, -1.926062842024179322e-01, -1.926062842024179322e-01, 6.905704440011660710e-04
-3.644287945230052089e-02, -3.644287945230052089e-02, -3.644287945230052089e-02, -3.644287945230052089e-02, -3.644287945230052089e-02, -3.644287945230052089e-02, -3.644287945230052089e-02, -3.644287945230052089e-02, -3.644287945230052089e-02, 1.568539751941187832e-01
2.859058877836196944e-01, 2.859058877836196944e-01, 2.859058877836196944e-01, 2.859058877836196944e-01, 2.859058877836196944e-01, 2.859058877836196944e-01, 2.859058877836196944e-01, 2.859058877836196944e-01, 2.859058877836196944e-01, 4.792027424300318028e-01
2.926840975186721927e-01, 2.926840975186721927e-01, 2.926840975186721927e-01, 2.926840975186721927e-01, 2.926840975186721927e-01, 2.926840975186721927e-01, 2.926840975186721927e-01, 2.926840975186721927e-01, 2.926840975186721927e-01, 4.859809521650930719e-01
3.152555266467422235e-01, 3.152555266467422235e-01, 3.152555266467422235e-01, 3.152555266467422235e-01, 3.152555266467422235e-01, 3.152555266467422235e-01, 3.152555266467422235e-01, 3.152555266467422235e-01, 3.152555266467422235e-01, 5.085523812931573850e-01
-3.285509839979762758e-01, -3.285509839979762758e-01, -3.285509839979762758e-01, -3.285509839979762758e-01, -3.285509839979762758e-01, -3.285509839979762758e-01, -3.285509839979762758e-01, -3.285509839979762758e-01, -3.285509839979762758e-01, -1.352541293515648613e-01
5.798914638882207706e-02, 5.798914638882207706e-02, 5.798914638882207706e-02, 5.798914638882207706e-02, 5.798914638882207706e-02, 5.798914638882207706e-02, 5.798914638882207706e-02, 5.798914638882207706e-02, 5.798914638882207706e-02, 2.512860010352395146e-01
-1.687217495594845254e-02, -1.687217495594845254e-02, -1.687217495594845254e-02, -1.687217495594845254e-02, -1.687217495594845254e-02, -1.687217495594845254e-02, -1.687217495594845254e-02, -1.687217495594845254e-02, -1.687217495594845254e-02, 1.764246796904706538e-01
2.402100778237679923e-01, 2.402100778237679923e-01, 2.402100778237679923e-01, 2.402100778237679923e-01, 2.402100778237679923e-01, 2.402100778237679923e-01, 2.402100778237679923e-01, 2.402100778237679923e-01, 2.402100778237679923e-01, 4.335069324701856242e-01
3.954258557233538696e-01, 3.954258557233538696e-01, 3.954258557233538696e-01, 3.954258557233538696e-01, 3.954258557233538696e-01, 3.954258557233538696e-01, 3.954258557233538696e-01, 3.954258557233538696e-01, 3.954258557233538696e-01, 5.887227103697721953e-01
-3.967165071716052260e-01, -3.967165071716052260e-01, -3.967165071716052260e-01, -3.967165071716052260e-01, -3.967165071716052260e-01, -3.967165071716052260e-01, -3.967165071716052260e-01, -3.967165071716052260e-01, -3.967165071716052260e-01, -2.034196525251857623e-01
-1.844745922152267181e-01, -1.844745922152267181e-01, -1.844745922152267181e-01, -1.844745922152267181e-01, -1.844745922152267181e-01, -1.844745922152267181e-01, -1.844745922152267181e-01, -1.844745922152267181e-01, -1.844745922152267181e-01, 8.822262431191399412e-03
3.889537283548169522e-01, 3.889537283548169522e-01, 3.889537283548169522e-01, 3.889537283548169522e-01, 3.889537283548169522e-01, 3.889537283548169522e-01, 3.889537283548169522e-01, 3.889537283548169522e-01, 3.889537283548169522e-01, 5.822505830012381089e-01
1.068502276133230372e-01, 1.068502276133230372e-01, 1.068502276133230372e-01, 1.068502276133230372e-01, 1.068502276133230372e-01, 1.068502276133230372e-01, 1.068502276133230372e-01, 1.068502276133230372e-01, 1.068502276133230372e-01, 3.001470822597439581e-01
1.383415229410029368e-01, 1.383415229410029368e-01, 1.383415229410029368e-01, 1.383415229410029368e-01, 1.383415229410029368e-01, 1.383415229410029368e-01, 1.383415229410029368e-01, 1.383415229410029368e-01, 1.383415229410029368e-01, 3.316383775874244266e-01
-1.195890204015221392e-01, -1.195890204015221392e-01, -1.195890204015221392e-01, -1.195890204015221392e-01, -1.195890204015221392e-01, -1.195890204015221392e-01, -1.195890204015221392e-01, -1.195890204015221392e-01, -1.195890204015221392e-01, 7.370783424489579794e-02
7.903725172922280995e-02, 7.903725172922280995e-02, 7.903725172922280995e-02, 7.903725172922280995e-02, 7.903725172922280995e-02, 7.903725172922280995e-02, 7.903725172922280995e-02, 7.903725172922280995e-02, 7.903725172922280995e-02, 2.723341063756357094e-01
-5.276832047635875676e-03, -5.276832047635875676e-03, -5.276832047635875676e-03, -5.276832047635875676e-03, -5.276832047635875676e-03, -5.276832047635875676e-03, -5.276832047635875676e-03, -5.276832047635875676e-03, -5.276832047635875676e-03, 1.880200225987826435e-01
3.667073321161430921e-01, 3.667073321161430921e-01, 3.667073321161430921e-01, 3.667073321161430921e-01, 3.667073321161430921e-01, 3.667073321161430921e-01, 3.667073321161430921e-01, 3.667073321161430921e-01, 3.667073321161430921e-01, 5.600041867625632497e-01
-5.462891121190971422e-02, -5.462891121190971422e-02, -5.462891121190971422e-02, -5.462891121190971422e-02, -5.462891121190971422e-02, -5.462891121190971422e-02, -5.462891121190971422e-02, -5.462891121190971422e-02, -5.462891121190971422e-02, 1.386679434345100825e-01
1.072039560609401587e-01, 1.072039560609401587e-01, 1.072039560609401587e-01, 1.072039560609401587e-01, 1.072039560609401587e-01, 1.072039560609401587e-01, 1.072039560609401587e-01, 1.072039560609401587e-01, 1.072039560609401587e-01, 3.005008107073596224e-01
-6.127671429120806756e-01, -6.127671429120806756e-01, -6.127671429120806756e-01, -6.127671429120806756e-01, -6.127671429120806756e-01, -6.127671429120806756e-01, -6.127671429120806756e-01, -6.127671429120806756e-01, -6.127671429120806756e-01, -4.194702882656635712e-01
-5.517942453222232646e-02, -5.517942453222232646e-02, -5.517942453222232646e-02, -5.517942453222232646e-02, -5.517942453222232646e-02, -5.517942453222232646e-02, -5.517942453222232646e-02, -5.517942453222232646e-02, -5.517942453222232646e-02, 1.381174301141946392e-01
-3.196432618218499333e-01, -3.196432618218499333e-01, -3.196432618218499333e-01, -3.196432618218499333e-01, -3.196432618218499333e-01, -3.196432618218499333e-01, -3.196432618218499333e-01, -3.196432618218499333e-01, -3.196432618218499333e-01, -1.263464071754302753e-01
4.806462507761870978e-02, 4.806462507761870978e-02, 4.806462507761870978e-02, 4.806462507761870978e-02, 4.806462507761870978e-02, 4.806462507761870978e-02, 4.806462507761870978e-02, 4.806462507761870978e-02, 4.806462507761870978e-02, 2.413614797240352383e-01
3.560077607721564008e-01, 3.560077607721564008e-01, 3.560077607721564008e-01, 3.560077607721564008e-01, 3.560077607721564008e-01, 3.560077607721564008e-01, 3.560077607721564008e-01, 3.560077607721564008e-01, 3.560077607721564008e-01, 5.493046154185645680e-01
9.663929496352914594e-02, 9.663929496352914594e-02, 9.663929496352914594e-02, 9.663929496352914594e-02, 9.663929496352914594e-02, 9.663929496352914594e-02, 9.663929496352914594e-02, 9.663929496352914594e-02, 9.663929496352914594e-02, 2.899361496099485125e-01
9.551219164381574700e-01, 9.551219164381574700e-01, 9.551219164381574700e-01, 9.551219164381574700e-01, 9.551219164381574700e-01, 9.551219164381574700e-01, 9.551219164381574700e-01, 9.551219164381574700e-01, 9.551219164381574700e-01, 1.148418771084586787e+00
-1.598926688684339237e-01, -1.598926688684339237e-01, -1.598926688684339237e-01, -1.598926688684339237e-01, -1.598926688684339237e-01, -1.598926688684339237e-01, -1.598926688684339237e-01, -1.598926688684339237e-01, -1.598926688684339237e-01, 3.340418577798547062e-02
5.694852025042362875e-02, 5.694852025042362875e-02, 5.694852025042362875e-02, 5.694852025042362875e-02, 5.694852025042362875e-02, 5.694852025042362875e-02, 5.694852025042362875e-02, 5.694852025042362875e-02, 5.694852025042362875e-02, 2.502453748968441194e-01
7.052553039504235420e-03, 7.052553039504235420e-03, 7.052553039504235420e-03, 7.052553039504235420e-03, 7.052553039504235420e-03, 7.052553039504235420e-03, 7.052553039504235420e-03, 7.052553039504235420e-03, 7.052553039504235420e-03, 2.003494076859249906e-01
1.448245738961320417e-01, 1.448245738961320417e-01, 1.448245738961320417e-01, 1.448245738961320417e-01, 1.448245738961320417e-01, 1.448245738961320417e-01, 1.448245738961320417e-01, 1.448245738961320417e-01, 1.448245738961320417e-01, 3.381214285425513943e-01
-1.015762720891982163e+00, -1.015762720891982163e+00, -1.015762720891982163e+00, -1.015762720891982163e+00, -1.015762720891982163e+00, -1.015762720891982163e+00, -1.015762720891982163e+00, -1.015762720891982163e+00, -1.015762720891982163e+00, -8.224658662455714975e-01
1.244204846209752413e-02, 1.244204846209752413e-02, 1.244204846209752413e-02, 1.244204846209752413e-02, 1.244204846209752413e-02, 1.244204846209752413e-02, 1.244204846209752413e-02, 1.244204846209752413e-02, 1.244204846209752413e-02, 2.057389031085167519e-01
1.709968777086029804e-02, 1.709968777086029804e-02, 1.709968777086029804e-02, 1.709968777086029804e-02, 1.709968777086029804e-02, 1.709968777086029804e-02, 1.709968777086029804e-02, 1.709968777086029804e-02, 1.709968777086029804e-02, 2.103965424172773435e-01
-3.282017570704313103e-01, -3.282017570704313103e-01, -3.282017570704313103e-01, -3.282017570704313103e-01, -3.282017570704313103e-01, -3.282017570704313103e-01, -3.282017570704313103e-01, -3.282017570704313103e-01, -3.282017570704313103e-01, -1.349049024240060179e-01
7.638466113874996244e-02, 7.638466113874996244e-02, 7.638466113874996244e-02, 7.638466113874996244e-02, 7.638466113874996244e-02, 7.638466113874996244e-02, 7.638466113874996244e-02, 7.638466113874996244e-02, 7.638466113874996244e-02, 2.696815157851651379e-01
3.002526561114641779e-01, 3.002526561114641779e-01, 3.002526561114641779e-01, 3.002526561114641779e-01, 3.002526561114641779e-01, 3.002526561114641779e-01, 3.002526561114641779e-01, 3.002526561114641779e-01, 3.002526561114641779e-01, 4.935495107578840579e-01
-1.370365573674416915e-01, -1.370365573674416915e-01, -1.370365573674416915e-01, -1.370365573674416915e-01, -1.370365573674416915e-01, -1.370365573674416915e-01, -1.370365573674416915e-01, -1.370365573674416915e-01, -1.370365573674416915e-01, 5.626029727897621791e-02
-2.103163425672315567e-01, -2.103163425672315567e-01, -2.103163425672315567e-01, -2.103163425672315567e-01, -2.103163425672315567e-01, -2.103163425672315567e-01, -2.103163425672315567e-01, -2.103163425672315567e-01, -2.103163425672315567e-01, -1.701948792081511147e-02
3.883584536179625069e-01, 3.883584536179625069e-01, 3.883584536179625069e-01, 3.883584536179625069e-01, 3.883584536179625069e-01, 3.883584536179625069e-01, 3.883584536179625069e-01, 3.883584536179625069e-01, 3.883584536179625069e-01, 5.816553082643818318e-01
-4.893092299772969778e-01, -4.893092299772969778e-01, -4.893092299772969778e-01, -4.893092299772969778e-01, -4.893092299772969778e-01, -4.893092299772969778e-01, -4.893092299772969778e-01, -4.893092299772969778e-01, -4.893092299772969778e-01, -2.960123753308767647e-01
7.365638561580556409e-02, 7.365638561580556409e-02, 7.365638561580556409e-02, 7.365638561580556409e-02, 7.365638561580556409e-02, 7.365638561580556409e-02, 7.365638561580556409e-02, 7.365638561580556409e-02, 7.365638561580556409e-02, 2.669532402622247225e-01
1.713675240811294298e-01, 1.713675240811294298e-01, 1.713675240811294298e-01, 1.713675240811294298e-01, 1.713675240811294298e-01, 1.713675240811294298e-01, 1.713675240811294298e-01, 1.713675240811294298e-01, 1.713675240811294298e-01, 3.646643787275445359e-01
2.211452170430729947e-01, 2.211452170430729947e-01, 2.211452170430729947e-01, 2.211452170430729947e-01, 2.211452170430729947e-01, 2.211452170430729947e-01, 2.211452170430729947e-01, 2.211452170430729947e-01, 2.211452170430729947e-01, 4.144420716894862688e-01
-1.132244656671867467e-01, -1.132244656671867467e-01, -1.132244656671867467e-01, -1.132244656671867467e-01, -1.132244656671867467e-01, -1.132244656671867467e-01, -1.132244656671867467e-01, -1.132244656671867467e-01, -1.132244656671867467e-01, 8.007238897923177334e-02
1.523931418372253821e-01, 1.523931418372253821e-01, 1.523931418372253821e-01, 1.523931418372253821e-01, 1.523931418372253821e-01, 1.523931418372253821e-01, 1.523931418372253821e-01, 1.523931418372253821e-01, 1.523931418372253821e-01, 3.456899964836440131e-01
-4.078402986180599821e-01, -4.078402986180599821e-01, -4.078402986180599821e-01, -4.078402986180599821e-01, -4.078402986180599821e-01, -4.078402986180599821e-01, -4.078402986180599821e-01, -4.078402986180599821e-01, -4.078402986180599821e-01, -2.145434439716411845e-01
3.158877905187900126e-01, 3.158877905187900126e-01, 3.158877905187900126e-01, 3.158877905187900126e-01, 3.158877905187900126e-01, 3.158877905187900126e-01, 3.158877905187900126e-01, 3.158877905187900126e-01, 3.158877905187900126e-01, 5.091846451652143335e-01
-6.305195940418041600e-02, -6.305195940418041600e-02, -6.305195940418041600e-02, -6.305195940418041600e-02, -6.305195940418041600e-02, -6.305195940418041600e-02, -6.305195940418041600e-02, -6.305195940418041600e-02, -6.305195940418041600e-02, 1.302448952422398665e-01
-1.542909517200669878e-01, -1.542909517200669878e-01, -1.542909517200669878e-01, -1.542909517200669878e-01, -1.542909517200669878e-01, -1.542909517200669878e-01, -1.542909517200669878e-01, -1.542909517200669878e-01, -1.542909517200669878e-01, 3.900590292635270490e-02
6.835180693150429976e-01, 6.835180693150429976e-01, 6.835180693150429976e-01, 6.835180693150429976e-01, 6.835180693150429976e-01, 6.835180693150429976e-01, 6.835180693150429976e-01, 6.835180693150429976e-01, 6.835180693150429976e-01, 8.768149239614578816e-01
-1.499089614045681085e-01, -1.499089614045681085e-01, -1.499089614045681085e-01, -1.499089614045681085e-01, -1.499089614045681085e-01, -1.499089614045681085e-01, -1.499089614045681085e-01, -1.499089614045681085e-01, -1.499089614045681085e-01, 4.338789324184703922e-02
1.599755054439807103e-02, 1.599755054439807103e-02, 1.599755054439807103e-02, 1.599755054439807103e-02, 1.599755054439807103e-02, 1.599755054439807103e-02, 1.599755054439807103e-02, 1.599755054439807103e-02, 1.599755054439807103e-02, 2.092944051908180170e-01
1.038533553607294602e+00, 1.038533553607294602e+00, 1.038533553607294602e+00, 1.038533553607294602e+00, 1.038533553607294602e+00, 1.038533553607294602e+00, 1.038533553607294602e+00, 1.038533553607294602e+00, 1.038533553607294602e+00, 1.231830408253688391e+00
5.124802188066092112e-01, 5.124802188066092112e-01, 5.124802188066092112e-01, 5.124802188066092112e-01, 5.124802188066092112e-01, 5.124802188066092112e-01, 5.124802188066092112e-01, 5.124802188066092112e-01, 5.124802188066092112e-01, 7.057770734530226520e-01
5.030228041048917520e-01, 5.030228041048917520e-01, 5.030228041048917520e-01, 5.030228041048917520e-01, 5.030228041048917520e-01, 5.030228041048917520e-01, 5.030228041048917520e-01, 5.030228041048917520e-01, 5.030228041048917520e-01, 6.963196587513175162e-01
5.452556646623921144e-02, 5.452556646623921144e-02, 5.452556646623921144e-02, 5.452556646623921144e-02, 5.452556646623921144e-02, 5.452556646623921144e-02, 5.452556646623921144e-02, 5.452556646623921144e-02, 5.452556646623921144e-02, 2.478224211126566767e-01
5.157636787215536672e-02, 5.157636787215536672e-02, 5.157636787215536672e-02, 5.157636787215536672e-02, 5.157636787215536672e-02, 5.157636787215536672e-02, 5.157636787215536672e-02, 5.157636787215536672e-02, 5.157636787215536672e-02, 2.448732225185789591e-01
-1.027322405436142672e-01, -1.027322405436142672e-01, -1.027322405436142672e-01, -1.027322405436142672e-01, -1.027322405436142672e-01, -1.027322405436142672e-01, -1.027322405436142672e-01, -1.027322405436142672e-01, -1.027322405436142672e-01, 9.056461410280305935e-02
2.109820096364476427e-01, 2.109820096364476427e-01, 2.109820096364476427e-01, 2.109820096364476427e-01, 2.109820096364476427e-01, 2.109820096364476427e-01, 2.109820096364476427e-01, 2.109820096364476427e-01, 2.109820096364476427e-01, 4.042788642828574752e-01
-6.132814568155315477e-02, -6.132814568155315477e-02, -6.132814568155315477e-02, -6.132814568155315477e-02, -6.132814568155315477e-02, -6.132814568155315477e-02, -6.132814568155315477e-02, -6.132814568155315477e-02, -6.132814568155315477e-02, 1.319687089648679812e-01
-1.054926283767246009e-01, -1.054926283767246009e-01, -1.054926283767246009e-01, -1.054926283767246009e-01, -1.054926283767246009e-01, -1.054926283767246009e-01, -1.054926283767246009e-01, -1.054926283767246009e-01, -1.054926283767246009e-01, 8.780422626969414113e-02
-2.879820847270706235e-03, -2.879820847270706235e-03, -2.879820847270706235e-03, -2.879820847270706235e-03, -2.879820847270706235e-03, -2.879820847270706235e-03, -2.879820847270706235e-03, -2.879820847270706235e-03, -2.879820847270706235e-03, 1.904170337991458462e-01
-3.709219818689784010e-01, -3.709219818689784010e-01, -3.709219818689784010e-01, -3.709219818689784010e-01, -3.709219818689784010e-01, -3.709219818689784010e-01, -3.709219818689784010e-01, -3.709219818689784010e-01, -3.709219818689784010e-01, -1.776251272225541078e-01
-8.270016793068971084e-02, -8.270016793068971084e-02, -8.270016793068971084e-02, -8.270016793068971084e-02, -8.270016793068971084e-02, -8.270016793068971084e-02, -8.270016793068971084e-02, -8.270016793068971084e-02, -8.270016793068971084e-02, 1.105966867157271716e-01
3.998856356379026228e-02, 3.998856356379026228e-02, 3.998856356379026228e-02, 3.998856356379026228e-02, 3.998856356379026228e-02, 3.998856356379026228e-02, 3.998856356379026228e-02, 3.998856356379026228e-02, 3.998856356379026228e-02, 2.332854182102110929e-01
1.288432161273757592e-01, 1.288432161273757592e-01, 1.288432161273757592e-01, 1.288432161273757592e-01, 1.288432161273757592e-01, 1.288432161273757592e-01, 1.288432161273757592e-01, 1.288432161273757592e-01, 1.288432161273757592e-01, 3.221400707737878122e-01
1.199746409919336676e-01, 1.199746409919336676e-01, 1.199746409919336676e-01, 1.199746409919336676e-01, 1.199746409919336676e-01, 1.199746409919336676e-01, 1.199746409919336676e-01, 1.199746409919336676e-01, 1.199746409919336676e-01, 3.132714956383415572e-01
-1.379554792279884257e-01, -1.379554792279884257e-01, -1.379554792279884257e-01, -1.379554792279884257e-01, -1.379554792279884257e-01, -1.379554792279884257e-01, -1.379554792279884257e-01, -1.379554792279884257e-01, -1.379554792279884257e-01, 5.534137541843231478e-02
-4.107229957491987382e-01, -4.107229957491987382e-01, -4.107229957491987382e-01, -4.107229957491987382e-01, -4.107229957491987382e-01, -4.107229957491987382e-01, -4.107229957491987382e-01, -4.107229957491987382e-01, -4.107229957491987382e-01, -2.174261411027812729e-01
1.066363626524368807e-01, 1.066363626524368807e-01, 1.066363626524368807e-01, 1.066363626524368807e-01, 1.066363626524368807e-01, 1.066363626524368807e-01, 1.066363626524368807e-01, 1.066363626524368807e-01, 1.066363626524368807e-01, 2.999332172988571910e-01
-4.841402289134440207e-03, -4.841402289134440207e-03, -4.841402289134440207e-03, -4.841402289134440207e-03, -4.841402289134440207e-03, -4.841402289134440207e-03, -4.841402289134440207e-03, -4.841402289134440207e-03, -4.841402289134440207e-03, 1.884554523572824214e-01
-1.866684719832034378e-01, -1.866684719832034378e-01, -1.866684719832034378e-01, -1.866684719832034378e-01, -1.866684719832034378e-01, -1.866684719832034378e-01, -1.866684719832034378e-01, -1.866684719832034378e-01, -1.866684719832034378e-01, 6.628382663210691597e-03
-1.672932619666534504e-01, -1.672932619666534504e-01, -1.672932619666534504e-01, -1.672932619666534504e-01, -1.672932619666534504e-01, -1.672932619666534504e-01, -1.672932619666534504e-01, -1.672932619666534504e-01, -1.672932619666534504e-01, 2.600359267976347019e-02
2.407279087999872891e-01, 2.407279087999872891e-01, 2.407279087999872891e-01, 2.407279087999872891e-01, 2.407279087999872891e-01, 2.407279087999872891e-01, 2.407279087999872891e-01, 2.407279087999872891e-01, 2.407279087999872891e-01, 4.340247634464067805e-01
-2.655489711206897030e-01, -2.655489711206897030e-01, -2.655489711206897030e-01, -2.655489711206897030e-01, -2.655489711206897030e-01, -2.655489711206897030e-01, -2.655489711206897030e-01, -2.655489711206897030e-01, -2.655489711206897030e-01, -7.225211647427329242e-02
-5.106667036495930734e-02, -5.106667036495930734e-02, -5.106667036495930734e-02, -5.106667036495930734e-02, -5.106667036495930734e-02, -5.106667036495930734e-02, -5.106667036495930734e-02, -5.106667036495930734e-02, -5.106667036495930734e-02, 1.422301842814576167e-01
6.409227045866662531e-02, 6.409227045866662531e-02, 6.409227045866662531e-02, 6.409227045866662531e-02, 6.409227045866662531e-02, 6.409227045866662531e-02, 6.409227045866662531e-02, 6.409227045866662531e-02, 6.409227045866662531e-02, 2.573891251050829387e-01
-1.882571926950609431e-01, -1.882571926950609431e-01, -1.882571926950609431e-01, -1.882571926950609431e-01, -1.882571926950609431e-01, -1.882571926950609431e-01, -1.882571926950609431e-01, -1.882571926950609431e-01, -1.882571926950609431e-01, 5.039661951359024512e-03
1.449158143802725118e-01, 1.449158143802725118e-01, 1.449158143802725118e-01, 1.449158143802725118e-01, 1.449158143802725118e-01, 1.449158143802725118e-01, 1.449158143802725118e-01, 1.449158143802725118e-01, 1.449158143802725118e-01, 3.382126690266866742e-01
-1.383530104794767068e-01, -1.383530104794767068e-01, -1.383530104794767068e-01, -1.383530104794767068e-01, -1.383530104794767068e-01, -1.383530104794767068e-01, -1.383530104794767068e-01, -1.383530104794767068e-01, -1.383530104794767068e-01, 5.494384416694204215e-02
5.667633283146014112e-01, 5.667633283146014112e-01, 5.667633283146014112e-01, 5.667633283146014112e-01, 5.667633283146014112e-01, 5.667633283146014112e-01, 5.667633283146014112e-01, 5.667633283146014112e-01, 5.667633283146014112e-01, 7.600601829610157401e-01
1.091219344017394094e-01, 1.091219344017394094e-01, 1.091219344017394094e-01, 1.091219344017394094e-01, 1.091219344017394094e-01, 1.091219344017394094e-01, 1.091219344017394094e-01, 1.091219344017394094e-01, 1.091219344017394094e-01, 3.024187890481563890e-01
3.118566909641227181e-01, 3.118566909641227181e-01, 3.118566909641227181e-01, 3.118566909641227181e-01, 3.118566909641227181e-01, 3.118566909641227181e-01, 3.118566909641227181e-01, 3.118566909641227181e-01, 3.118566909641227181e-01, 5.051535456105484823e-01
6.446594670194444321e-02, 6.446594670194444321e-02, 6.446594670194444321e-02, 6.446594670194444321e-02, 6.446594670194444321e-02, 6.446594670194444321e-02, 6.446594670194444321e-02, 6.446594670194444321e-02, 6.446594670194444321e-02, 2.577628013483610481e-01
-1.282232237357360249e-01, -1.282232237357360249e-01, -1.282232237357360249e-01, -1.282232237357360249e-01, -1.282232237357360249e-01, -1.282232237357360249e-01, -1.282232237357360249e-01, -1.282232237357360249e-01, -1.282232237357360249e-01, 6.507363091068046890e-02
8.591368433193888321e-02, 8.591368433193888321e-02, 8.591368433193888321e-02, 8.591368433193888321e-02, 8.591368433193888321e-02, 8.591368433193888321e-02, 8.591368433193888321e-02, 8.591368433193888321e-02, 8.591368433193888321e-02, 2.792105389783554048e-01
1.307904720018794043e-01, 1.307904720018794043e-01, 1.307904720018794043e-01, 1.307904720018794043e-01, 1.307904720018794043e-01, 1.307904720018794043e-01, 1.307904720018794043e-01, 1.307904720018794043e-01, 1.307904720018794043e-01, 3.240873266482948156e-01
3.372116257249367921e-01, 3.372116257249367921e-01, 3.372116257249367921e-01, 3.372116257249367921e-01, 3.372116257249367921e-01, 3.372116257249367921e-01, 3.372116257249367921e-01, 3.372116257249367921e-01, 3.372116257249367921e-01, 5.305084803713623343e-01
1.509704120637989089e-01, 1.509704120637989089e-01, 1.509704120637989089e-01, 1.509704120637989089e-01, 1.509704120637989089e-01, 1.509704120637989089e-01, 1.509704120637989089e-01, 1.509704120637989089e-01, 1.509704120637989089e-01, 3.442672667102075756e-01
3.302010822175126536e-01, 3.302010822175126536e-01, 3.302010822175126536e-01, 3.302010822175126536e-01, 3.302010822175126536e-01, 3.302010822175126536e-01, 3.302010822175126536e-01, 3.302010822175126536e-01, 3.302010822175126536e-01, 5.234979368639386399e-01
-5.507361246877289229e-01, -5.507361246877289229e-01, -5.507361246877289229e-01, -5.507361246877289229e-01, -5.507361246877289229e-01, -5.507361246877289229e-01, -5.507361246877289229e-01, -5.507361246877289229e-01, -5.507361246877289229e-01, -3.574392700412973856e-01
-1.713847907030769668e-01, -1.713847907030769668e-01, -1.713847907030769668e-01, -1.713847907030769668e-01, -1.713847907030769668e-01, -1.713847907030769668e-01, -1.713847907030769668e-01, -1.713847907030769668e-01, -1.713847907030769668e-01, 2.191206394334113336e-02
5.194087495082645445e-01, 5.194087495082645445e-01, 5.194087495082645445e-01, 5.194087495082645445e-01, 5.194087495082645445e-01, 5.194087495082645445e-01, 5.194087495082645445e-01, 5.194087495082645445e-01, 5.194087495082645445e-01, 7.127056041546728782e-01
6.640289922681050228e-02, 6.640289922681050228e-02, 6.640289922681050228e-02, 6.640289922681050228e-02, 6.640289922681050228e-02, 6.640289922681050228e-02, 6.640289922681050228e-02, 6.640289922681050228e-02, 6.640289922681050228e-02, 2.596997538732251365e-01
2.400080217924828452e-01, 2.400080217924828452e-01, 2.400080217924828452e-01, 2.400080217924828452e-01, 2.400080217924828452e-01, 2.400080217924828452e-01, 2.400080217924828452e-01, 2.400080217924828452e-01, 2.400080217924828452e-01, 4.333048764388968688e-01
1.782689429094292122e-01, 1.782689429094292122e-01, 1.782689429094292122e-01, 1.782689429094292122e-01, 1.782689429094292122e-01, 1.782689429094292122e-01, 1.782689429094292122e-01, 1.782689429094292122e-01, 1.782689429094292122e-01, 3.715657975558558923e-01
2.087151600767208313e-03, 2.087151600767208313e-03, 2.087151600767208313e-03, 2.087151600767208313e-03, 2.087151600767208313e-03, 2.087151600767208313e-03, 2.087151600767208313e-03, 2.087151600767208313e-03, 2.087151600767208313e-03, 1.953840062471865202e-01
1.781026167962079243e-01, 1.781026167962079243e-01, 1.781026167962079243e-01, 1.781026167962079243e-01, 1.781026167962079243e-01, 1.781026167962079243e-01, 1.781026167962079243e-01, 1.781026167962079243e-01, 1.781026167962079243e-01, 3.713994714426274157e-01
1.252170390029962166e-02, 1.252170390029962166e-02, 1.252170390029962166e-02, 1.252170390029962166e-02, 1.252170390029962166e-02, 1.252170390029962166e-02, 1.252170390029962166e-02, 1.252170390029962166e-02, 1.252170390029962166e-02, 2.058185585467153245e-01
-1.053474285446493602e-01, -1.053474285446493602e-01, -1.053474285446493602e-01, -1.053474285446493602e-01, -1.053474285446493602e-01, -1.053474285446493602e-01, -1.053474285446493602e-01, -1.053474285446493602e-01, -1.053474285446493602e-01, 8.794942610176985365e-02
-9.417096270387856349e-02, -9.417096270387856349e-02, -9.417096270387856349e-02, -9.417096270387856349e-02, -9.417096270387856349e-02, -9.417096270387856349e-02, -9.417096270387856349e-02, -9.417096270387856349e-02, -9.417096270387856349e-02, 9.912589194253948466e-02
1.079626634042062383e-01, 1.079626634042062383e-01, 1.079626634042062383e-01, 1.079626634042062383e-01, 1.079626634042062383e-01, 1.079626634042062383e-01, 1.079626634042062383e-01, 1.079626634042062383e-01, 1.079626634042062383e-01, 3.012595180506261738e-01
2.957713588403680927e-01, 2.957713588403680927e-01, 2.957713588403680927e-01, 2.957713588403680927e-01, 2.957713588403680927e-01, 2.957713588403680927e-01, 2.957713588403680927e-01, 2.957713588403680927e-01, 2.957713588403680927e-01, 4.890682134867943009e-01
-8.031564240780655894e-02, -8.031564240780655894e-02, -8.031564240780655894e-02, -8.031564240780655894e-02, -8.031564240780655894e-02, -8.031564240780655894e-02, -8.031564240780655894e-02, -8.031564240780655894e-02, -8.031564240780655894e-02, 1.129812122386142370e-01
1.506449228143287855e-01, 1.506449228143287855e-01, 1.506449228143287855e-01, 1.506449228143287855e-01, 1.506449228143287855e-01, 1.506449228143287855e-01, 1.506449228143287855e-01, 1.506449228143287855e-01, 1.506449228143287855e-01, 3.439417774607417266e-01
-1.295809705867045636e-01, -1.295809705867045636e-01, -1.295809705867045636e-01, -1.295809705867045636e-01, -1.295809705867045636e-01, -1.295809705867045636e-01, -1.295809705867045636e-01, -1.295809705867045636e-01, -1.295809705867045636e-01, 6.371588405971809199e-02
1.735063683951713065e-01, 1.735063683951713065e-01, 1.735063683951713065e-01, 1.735063683951713065e-01, 1.735063683951713065e-01, 1.735063683951713065e-01, 1.735063683951713065e-01, 1.735063683951713065e-01, 1.735063683951713065e-01, 3.668032230415892991e-01
1.474144563519780293e-01, 1.474144563519780293e-01, 1.474144563519780293e-01, 1.474144563519780293e-01, 1.474144563519780293e-01, 1.474144563519780293e-01, 1.474144563519780293e-01, 1.474144563519780293e-01, 1.474144563519780293e-01, 3.407113109983959109e-01
2.221527250216296379e-01, 2.221527250216296379e-01, 2.221527250216296379e-01, 2.221527250216296379e-01, 2.221527250216296379e-01, 2.221527250216296379e-01, 2.221527250216296379e-01, 2.221527250216296379e-01, 2.221527250216296379e-01, 4.154495796680436337e-01
2.304523322691158504e-02, 2.304523322691158504e-02, 2.304523322691158504e-02, 2.304523322691158504e-02, 2.304523322691158504e-02, 2.304523322691158504e-02, 2.304523322691158504e-02, 2.304523322691158504e-02, 2.304523322691158504e-02, 2.163420878733304797e-01
2.124762597237218886e-01, 2.124762597237218886e-01, 2.124762597237218886e-01, 2.124762597237218886e-01, 2.124762597237218886e-01, 2.124762597237218886e-01, 2.124762597237218886e-01, 2.124762597237218886e-01, 2.124762597237218886e-01, 4.057731143701433507e-01
3.105695956330822294e-01, 3.105695956330822294e-01, 3.105695956330822294e-01, 3.105695956330822294e-01, 3.105695956330822294e-01, 3.105695956330822294e-01, 3.105695956330822294e-01, 3.105695956330822294e-01, 3.105695956330822294e-01, 5.038664502794988342e-01
-8.719210137192290322e-02, -8.719210137192290322e-02, -8.719210137192290322e-02, -8.719210137192290322e-02, -8.719210137192290322e-02, -8.719210137192290322e-02, -8.719210137192290322e-02, -8.719210137192290322e-02, -8.719210137192290322e-02, 1.061047532744968935e-01
4.131593034758664906e-01, 4.131593034758664906e-01, 4.131593034758664906e-01, 4.131593034758664906e-01, 4.131593034758664906e-01, 4.131593034758664906e-01, 4.131593034758664906e-01, 4.131593034758664906e-01, 4.131593034758664906e-01, 6.064561581222778219e-01
2.658980458688616766e-01, 2.658980458688616766e-01, 2.658980458688616766e-01, 2.658980458688616766e-01, 2.658980458688616766e-01, 2.658980458688616766e-01, 2.658980458688616766e-01, 2.658980458688616766e-01, 2.658980458688616766e-01, 4.591949005152820007e-01
-4.200469795981460752e-01, -4.200469795981460752e-01, -4.200469795981460752e-01, -4.200469795981460752e-01, -4.200469795981460752e-01, -4.200469795981460752e-01, -4.200469795981460752e-01, -4.200469795981460752e-01, -4.200469795981460752e-01, -2.267501249517339112e-01
2.503177086541979457e-01, 2.503177086541979457e-01, 2.503177086541979457e-01, 2.503177086541979457e-01, 2.503177086541979457e-01, 2.503177086541979457e-01, 2.503177086541979457e-01, 2.503177086541979457e-01, 2.503177086541979457e-01, 4.436145633006206568e-01
-8.564672337267566216e-02, -8.564672337267566216e-02, -8.564672337267566216e-02, -8.564672337267566216e-02, -8.564672337267566216e-02, -8.564672337267566216e-02, -8.564672337267566216e-02, -8.564672337267566216e-02, -8.564672337267566216e-02, 1.076501312737422195e-01
1.643145389114749333e-01, 1.643145389114749333e-01, 1.643145389114749333e-01, 1.643145389114749333e-01, 1.643145389114749333e-01, 1.643145389114749333e-01, 1.643145389114749333e-01, 1.643145389114749333e-01, 1.643145389114749333e-01, 3.576113935578847380e-01
-1.673469403051660587e-01, -1.673469403051660587e-01, -1.673469403051660587e-01, -1.673469403051660587e-01, -1.673469403051660587e-01, -1.673469403051660587e-01, -1.673469403051660587e-01, -1.673469403051660587e-01, -1.673469403051660587e-01, 2.594991434125257582e-02
1.645569025344360836e-01, 1.645569025344360836e-01, 1.645569025344360836e-01, 1.645569025344360836e-01, 1.645569025344360836e-01, 1.645569025344360836e-01, 1.645569025344360836e-01, 1.645569025344360836e-01, 1.645569025344360836e-01, 3.578537571808516615e-01
-1.847438896663463614e-01, -1.847438896663463614e-01, -1.847438896663463614e-01, -1.847438896663463614e-01, -1.847438896663463614e-01, -1.847438896663463614e-01, -1.847438896663463614e-01, -1.847438896663463614e-01, -1.847438896663463614e-01, 8.552964980068671758e-03
-3.190403136821619023e-01, -3.190403136821619023e-01, -3.190403136821619023e-01, -3.190403136821619023e-01, -3.190403136821619023e-01, -3.190403136821619023e-01, -3.190403136821619023e-01, -3.190403136821619023e-01, -3.190403136821619023e-01, -1.257434590357376925e-01
-2.531884308547677209e-01, -2.531884308547677209e-01, -2.531884308547677209e-01, -2.531884308547677209e-01, -2.531884308547677209e-01, -2.531884308547677209e-01, -2.531884308547677209e-01, -2.531884308547677209e-01, -2.531884308547677209e-01, -5.989157620834981849e-02
-2.258945479885446084e-01, -2.258945479885446084e-01, -2.258945479885446084e-01, -2.258945479885446084e-01, -2.258945479885446084e-01, -2.258945479885446084e-01, -2.258945479885446084e-01, -2.258945479885446084e-01, -2.258945479885446084e-01, -3.259769334212878761e-02
1.148671237282847535e-01, 1.148671237282847535e-01, 1.148671237282847535e-01, 1.148671237282847535e-01, 1.148671237282847535e-01, 1.148671237282847535e-01, 1.148671237282847535e-01, 1.148671237282847535e-01, 1.148671237282847535e-01, 3.081639783746995542e-01
1.026697979125743149e-01, 1.026697979125743149e-01, 1.026697979125743149e-01, 1.026697979125743149e-01, 1.026697979125743149e-01, 1.026697979125743149e-01, 1.026697979125743149e-01, 1.026697979125743149e-01, 1.026697979125743149e-01, 2.959666525589942365e-01
-1.366582478986566040e-01, -1.366582478986566040e-01, -1.366582478986566040e-01, -1.366582478986566040e-01, -1.366582478986566040e-01, -1.366582478986566040e-01, -1.366582478986566040e-01, -1.366582478986566040e-01, -1.366582478986566040e-01, 5.663860674776394211e-02
-1.263559599576667136e-01, -1.263559599576667136e-01, -1.263559599576667136e-01, -1.263559599576667136e-01, -1.263559599576667136e-01, -1.263559599576667136e-01, -1.263559599576667136e-01, -1.263559599576667136e-01, -1.263559599576667136e-01, 6.694089468875147331e-02
-2.881414192088300741e-01, -2.881414192088300741e-01, -2.881414192088300741e-01, -2.881414192088300741e-01, -2.881414192088300741e-01, -2.881414192088300741e-01, -2.881414192088300741e-01, -2.881414192088300741e-01, -2.881414192088300741e-01, -9.484456456241206757e-02
7.636046772732092702e-02, 7.636046772732092702e-02, 7.636046772732092702e-02, 7.636046772732092702e-02, 7.636046772732092702e-02, 7.636046772732092702e-02, 7.636046772732092702e-02, 7.636046772732092702e-02, 7.636046772732092702e-02, 2.696573223737438463e-01
-5.226603953247299476e-03, -5.226603953247299476e-03, -5.226603953247299476e-03, -5.226603953247299476e-03, -5.226603953247299476e-03, -5.226603953247299476e-03, -5.226603953247299476e-03, -5.226603953247299476e-03, -5.226603953247299476e-03, 1.880702506931691553e-01
-1.284055066706825746e-02, -1.284055066706825746e-02, -1.284055066706825746e-02, -1.284055066706825746e-02, -1.284055066706825746e-02, -1.284055066706825746e-02, -1.284055066706825746e-02, -1.284055066706825746e-02, -1.284055066706825746e-02, 1.804563039793485313e-01
3.601584806957111029e-01, 3.601584806957111029e-01, 3.601584806957111029e-01, 3.601584806957111029e-01, 3.601584806957111029e-01, 3.601584806957111029e-01, 3.601584806957111029e-01, 3.601584806957111029e-01, 3.601584806957111029e-01, 5.534553353421401978e-01
1.363851181031403847e-01, 1.363851181031403847e-01, 1.363851181031403847e-01, 1.363851181031403847e-01, 1.363851181031403847e-01, 1.363851181031403847e-01, 1.363851181031403847e-01, 1.363851181031403847e-01, 1.363851181031403847e-01, 3.296819727495511332e-01
-2.499765260240335851e-01, -2.499765260240335851e-01, -2.499765260240335851e-01, -2.499765260240335851e-01, -2.499765260240335851e-01, -2.499765260240335851e-01, -2.499765260240335851e-01, -2.499765260240335851e-01, -2.499765260240335851e-01, -5.667967137761364266e-02
-9.601502045014775888e-02, -9.601502045014775888e-02, -9.601502045014775888e-02, -9.601502045014775888e-02, -9.601502045014775888e-02, -9.601502045014775888e-02, -9.601502045014775888e-02, -9.601502045014775888e-02, -9.601502045014775888e-02, 9.728183419626984518e-02
-2.537799488094881206e-01, -2.537799488094881206e-01, -2.537799488094881206e-01, -2.537799488094881206e-01, -2.537799488094881206e-01, -2.537799488094881206e-01, -2.537799488094881206e-01, -2.537799488094881206e-01, -2.537799488094881206e-01, -6.048309416306879571e-02
-2.750590197764939404e-01, -2.750590197764939404e-01, -2.750590197764939404e-01, -2.750590197764939404e-01, -2.750590197764939404e-01, -2.750590197764939404e-01, -2.750590197764939404e-01, -2.750590197764939404e-01, -2.750590197764939404e-01, -8.176216513007494857e-02
1.577953116075173426e-02, 1.577953116075173426e-02, 1.577953116075173426e-02, 1.577953116075173426e-02, 1.577953116075173426e-02, 1.577953116075173426e-02, 1.577953116075173426e-02, 1.577953116075173426e-02, 1.577953116075173426e-02, 2.090763858071712500e-01
-2.686463407636361933e-01, -2.686463407636361933e-01, -2.686463407636361933e-01, -2.686463407636361933e-01, -2.686463407636361933e-01, -2.686463407636361933e-01, -2.686463407636361933e-01, -2.686463407636361933e-01, -2.686463407636361933e-01, -7.534948611721949130e-02
-1.085587644125718954e-01, -1.085587644125718954e-01, -1.085587644125718954e-01, -1.085587644125718954e-01, -1.085587644125718954e-01, -1.085587644125718954e-01, -1.085587644125718954e-01, -1.085587644125718954e-01, -1.085587644125718954e-01, 8.473809023384823447e-02
3.109627812608271591e-01, 3.109627812608271591e-01, 3.109627812608271591e-01, 3.109627812608271591e-01, 3.109627812608271591e-01, 3.109627812608271591e-01, 3.109627812608271591e-01, 3.109627812608271591e-01, 3.109627812608271591e-01, 5.042596359072422096e-01
-3.031603630365509172e-01, -3.031603630365509172e-01, -3.031603630365509172e-01, -3.031603630365509172e-01, -3.031603630365509172e-01, -3.031603630365509172e-01, -3.031603630365509172e-01, -3.031603630365509172e-01, -3.031603630365509172e-01, -1.098635083901350895e-01
-8.891410885639576545e-02, -8.891410885639576545e-02, -8.891410885639576545e-02, -8.891410885639576545e-02, -8.891410885639576545e-02, -8.891410885639576545e-02, -8.891410885639576545e-02, -8.891410885639576545e-02, -8.891410885639576545e-02, 1.043827457900229766e-01
4.797085607108173555e-01, 4.797085607108173555e-01, 4.797085607108173555e-01, 4.797085607108173555e-01, 4.797085607108173555e-01, 4.797085607108173555e-01, 4.797085607108173555e-01, 4.797085607108173555e-01, 4.797085607108173555e-01, 6.730054153572250231e-01
6.674922491257538615e-02, 6.674922491257538615e-02, 6.674922491257538615e-02, 6.674922491257538615e-02, 6.674922491257538615e-02, 6.674922491257538615e-02, 6.674922491257538615e-02, 6.674922491257538615e-02, 6.674922491257538615e-02, 2.600460795589994434e-01
-6.158001068958703778e-02, -6.158001068958703778e-02, -6.158001068958703778e-02, -6.158001068958703778e-02, -6.158001068958703778e-02, -6.158001068958703778e-02, -6.158001068958703778e-02, -6.158001068958703778e-02, -6.158001068958703778e-02, 1.317168439568345839e-01
-2.795072719004362272e-01, -2.795072719004362272e-01, -2.795072719004362272e-01, -2.795072719004362272e-01, -2.795072719004362272e-01, -2.795072719004362272e-01, -2.795072719004362272e-01, -2.795072719004362272e-01, -2.795072719004362272e-01, -8.621041725402241174e-02
-3.216782628283743617e-01, -3.216782628283743617e-01, -3.216782628283743617e-01, -3.216782628283743617e-01, -3.216782628283743617e-01, -3.216782628283743617e-01, -3.216782628283743617e-01, -3.216782628283743617e-01, -3.216782628283743617e-01, -1.283814081819575070e-01
5.402935598969817524e-03, 5.402935598969817524e-03, 5.402935598969817524e-03, 5.402935598969817524e-03, 5.402935598969817524e-03, 5.402935598969817524e-03, 5.402935598969817524e-03, 5.402935598969817524e-03, 5.402935598969817524e-03, 1.986997902453866705e-01
2.545936353281693099e-01, 2.545936353281693099e-01, 2.545936353281693099e-01, 2.545936353281693099e-01, 2.545936353281693099e-01, 2.545936353281693099e-01, 2.545936353281693099e-01, 2.545936353281693099e-01, 2.545936353281693099e-01, 4.478904899745935198e-01
-2.280136076937829548e-01, -2.280136076937829548e-01, -2.280136076937829548e-01, -2.280136076937829548e-01, -2.280136076937829548e-01, -2.280136076937829548e-01, -2.280136076937829548e-01, -2.280136076937829548e-01, -2.280136076937829548e-01, -3.471675304736468459e-02
7.589894041025073701e-01, 7.589894041025073701e-01, 7.589894041025073701e-01, 7.589894041025073701e-01, 7.589894041025073701e-01, 7.589894041025073701e-01, 7.589894041025073701e-01, 7.589894041025073701e-01, 7.589894041025073701e-01, 9.522862587489233643e-01
3.847730792467588534e-01, 3.847730792467588534e-01, 3.847730792467588534e-01, 3.847730792467588534e-01, 3.847730792467588534e-01, 3.847730792467588534e-01, 3.847730792467588534e-01, 3.847730792467588534e-01, 3.847730792467588534e-01, 5.780699338931694076e-01
2.119010526400505467e-01, 2.119010526400505467e-01, 2.119010526400505467e-01, 2.119010526400505467e-01, 2.119010526400505467e-01, 2.119010526400505467e-01, 2.119010526400505467e-01, 2.119010526400505467e-01, 2.119010526400505467e-01, 4.051979072864801412e-01
-1.454352201630466912e-01, -1.454352201630466912e-01, -1.454352201630466912e-01, -1.454352201630466912e-01, -1.454352201630466912e-01, -1.454352201630466912e-01, -1.454352201630466912e-01, -1.454352201630466912e-01, -1.454352201630466912e-01, 4.786163448337126675e-02
-8.576047385408183286e-04, -8.576047385408183286e-04, -8.576047385408183286e-04, -8.576047385408183286e-04, -8.576047385408183286e-04, -8.576047385408183286e-04, -8.576047385408183286e-04, -8.576047385408183286e-04, -8.576047385408183286e-04, 1.924392499078748930e-01
1.909844804886431380e-01, 1.909844804886431380e-01, 1.909844804886431380e-01, 1.909844804886431380e-01, 1.909844804886431380e-01, 1.909844804886431380e-01, 1.909844804886431380e-01, 1.909844804886431380e-01, 1.909844804886431380e-01, 3.842813351350675699e-01
3.366600992112699919e-01, 3.366600992112699919e-01, 3.366600992112699919e-01, 3.366600992112699919e-01, 3.366600992112699919e-01, 3.366600992112699919e-01, 3.366600992112699919e-01, 3.366600992112699919e-01, 3.366600992112699919e-01, 5.299569538576908156e-01
1.966733988186250906e-02, 1.966733988186250906e-02, 1.966733988186250906e-02, 1.966733988186250906e-02, 1.966733988186250906e-02, 1.966733988186250906e-02, 1.966733988186250906e-02, 1.966733988186250906e-02, 1.966733988186250906e-02, 2.129641945282791937e-01
-1.068525526264975101e-01, -1.068525526264975101e-01, -1.068525526264975101e-01, -1.068525526264975101e-01, -1.068525526264975101e-01, -1.068525526264975101e-01, -1.068525526264975101e-01, -1.068525526264975101e-01, -1.068525526264975101e-01, 8.644430201992311935e-02
-4.155734650555048537e-01, -4.155734650555048537e-01, -4.155734650555048537e-01, -4.155734650555048537e-01, -4.155734650555048537e-01, -4.155734650555048537e-01, -4.155734650555048537e-01, -4.155734650555048537e-01, -4.155734650555048537e-01, -2.222766104090884154e-01
-4.150315455607750947e-01, -4.150315455607750947e-01, -4.150315455607750947e-01, -4.150315455607750947e-01, -4.150315455607750947e-01, -4.150315455607750947e-01, -4.150315455607750947e-01, -4.150315455607750947e-01, -4.150315455607750947e-01, -2.217346909143580180e-01
4.542316860832367742e-01, 4.542316860832367742e-01, 4.542316860832367742e-01, 4.542316860832367742e-01, 4.542316860832367742e-01, 4.542316860832367742e-01, 4.542316860832367742e-01, 4.542316860832367742e-01, 4.542316860832367742e-01, 6.475285407296508255e-01
5.493569506249567497e-02, 5.493569506249567497e-02, 5.493569506249567497e-02, 5.493569506249567497e-02, 5.493569506249567497e-02, 5.493569506249567497e-02, 5.493569506249567497e-02, 5.493569506249567497e-02, 5.493569506249567497e-02, 2.482325497089166721e-01
-1.321609002413964840e-01, -1.321609002413964840e-01, -1.321609002413964840e-01, -1.321609002413964840e-01, -1.321609002413964840e-01, -1.321609002413964840e-01, -1.321609002413964840e-01, -1.321609002413964840e-01, -1.321609002413964840e-01, 6.113595440502218176e-02
-1.148511677791559382e-01, -1.148511677791559382e-01, -1.148511677791559382e-01, -1.148511677791559382e-01, -1.148511677791559382e-01, -1.148511677791559382e-01, -1.148511677791559382e-01, -1.148511677791559382e-01, -1.148511677791559382e-01, 7.844568686726327567e-02
-7.382976535204363588e-02, -7.382976535204363588e-02, -7.382976535204363588e-02, -7.382976535204363588e-02, -7.382976535204363588e-02, -7.382976535204363588e-02, -7.382976535204363588e-02, -7.382976535204363588e-02, -7.382976535204363588e-02, 1.194670892943738572e-01
-3.715673031734556542e-01, -3.715673031734556542e-01, -3.715673031734556542e-01, -3.715673031734556542e-01, -3.715673031734556542e-01, -3.715673031734556542e-01, -3.715673031734556542e-01, -3.715673031734556542e-01, -3.715673031734556542e-01, -1.782704485270379391e-01
2.838505113151830739e-01, 2.838505113151830739e-01, 2.838505113151830739e-01, 2.838505113151830739e-01, 2.838505113151830739e-01, 2.838505113151830739e-01, 2.838505113151830739e-01, 2.838505113151830739e-01, 2.838505113151830739e-01, 4.771473659616022878e-01
-3.650846900711412490e-01, -3.650846900711412490e-01, -3.650846900711412490e-01, -3.650846900711412490e-01, -3.650846900711412490e-01, -3.650846900711412490e-01, -3.650846900711412490e-01, -3.650846900711412490e-01, -3.650846900711412490e-01, -1.717878354247298622e-01
-7.383160541205825433e-01, -7.383160541205825433e-01, -7.383160541205825433e-01, -7.383160541205825433e-01, -7.383160541205825433e-01, -7.383160541205825433e-01, -7.383160541205825433e-01, -7.383160541205825433e-01, -7.383160541205825433e-01, -5.450191994741807600e-01
-1.207455971207155310e-01, -1.207455971207155310e-01, -1.207455971207155310e-01, -1.207455971207155310e-01, -1.207455971207155310e-01, -1.207455971207155310e-01, -1.207455971207155310e-01, -1.207455971207155310e-01, -1.207455971207155310e-01, 7.255125752570382169e-02
-2.154492077365293690e-01, -2.154492077365293690e-01, -2.154492077365293690e-01, -2.154492077365293690e-01, -2.154492077365293690e-01, -2.154492077365293690e-01, -2.154492077365293690e-01, -2.154492077365293690e-01, -2.154492077365293690e-01, -2.215235309010684175e-02
-1.592030157581713623e-01, -1.592030157581713623e-01, -1.592030157581713623e-01, -1.592030157581713623e-01, -1.592030157581713623e-01, -1.592030157581713623e-01, -1.592030157581713623e-01, -1.592030157581713623e-01, -1.592030157581713623e-01, 3.409383888824588787e-02
-5.876564446658545382e-01, -5.876564446658545382e-01, -5.876564446658545382e-01, -5.876564446658545382e-01, -5.876564446658545382e-01, -5.876564446658545382e-01, -5.876564446658545382e-01, -5.876564446658545382e-01, -5.876564446658545382e-01, -3.943595900194297732e-01
-1.095188543671453546e-01, -1.095188543671453546e-01, -1.095188543671453546e-01, -1.095188543671453546e-01, -1.095188543671453546e-01, -1.095188543671453546e-01, -1.095188543671453546e-01, -1.095188543671453546e-01, -1.095188543671453546e-01, 8.377800027927360949e-02
-1.431086404942436829e-01, -1.431086404942436829e-01, -1.431086404942436829e-01, -1.431086404942436829e-01, -1.431086404942436829e-01, -1.431086404942436829e-01, -1.431086404942436829e-01, -1.431086404942436829e-01, -1.431086404942436829e-01, 5.018821415217660648e-02
1.561314286893398517e-01, 1.561314286893398517e-01, 1.561314286893398517e-01, 1.561314286893398517e-01, 1.561314286893398517e-01, 1.561314286893398517e-01, 1.561314286893398517e-01, 1.561314286893398517e-01, 1.561314286893398517e-01, 3.494282833357517659e-01
-1.476664022789930461e-03, -1.476664022789930461e-03, -1.476664022789930461e-03, -1.476664022789930461e-03, -1.476664022789930461e-03, -1.476664022789930461e-03, -1.476664022789930461e-03, -1.476664022789930461e-03, -1.476664022789930461e-03, 1.918201906236324528e-01
2.496078535814516830e-01, 2.496078535814516830e-01, 2.496078535814516830e-01, 2.496078535814516830e-01, 2.496078535814516830e-01, 2.496078535814516830e-01, 2.496078535814516830e-01, 2.496078535814516830e-01, 2.496078535814516830e-01, 4.429047082278799730e-01
1.399242609568844553e-01, 1.399242609568844553e-01, 1.399242609568844553e-01, 1.399242609568844553e-01, 1.399242609568844553e-01, 1.399242609568844553e-01, 1.399242609568844553e-01, 1.399242609568844553e-01, 1.399242609568844553e-01, 3.332211156033010879e-01
-2.979929278937046844e-01, -2.979929278937046844e-01, -2.979929278937046844e-01, -2.979929278937046844e-01, -2.979929278937046844e-01, -2.979929278937046844e-01, -2.979929278937046844e-01, -2.979929278937046844e-01, -2.979929278937046844e-01, -1.046960732472819872e-01
-1.099028876626737122e-01, -1.099028876626737122e-01, -1.099028876626737122e-01, -1.099028876626737122e-01, -1.099028876626737122e-01, -1.099028876626737122e-01, -1.099028876626737122e-01, -1.099028876626737122e-01, -1.099028876626737122e-01, 8.339396698374403061e-02
