-4.938984962456568345e-02, -7.730058314228874794e-01, -5.371907143035684062e-02, -1.658114110307342542e-02, -9.141349306276910780e-02, -2.734924260085135339e-01, -1.146793575344016020e-01, 1.082642801551209621e-01, -5.842737466494941911e-02, -9.702716983047580956e-02
3.759910956719385022e-01, 1.376527212374916709e-01, -1.644378304273094726e-01, -2.017306293262916689e-02, -1.627209376072281666e-01, 2.195815555922087658e-01, 1.906984080458032707e-02, -4.985379713203436786e-02, 3.318167514951499975e-01, -2.256571828870951035e-01
5.894129700081154194e-02, 8.097804973672084045e-03, -1.580716243917088815e-01, 4.090292701974946460e-02, -4.014614608009206553e-02, -4.416521635112433120e-01, -3.370759146073470935e-01, -3.776759868352406735e-01, 6.503963073757665359e-02, -1.402243717698421210e-01
1.168068306477308693e-01, -3.948838931351353332e-01, -1.246573862833387919e-01, 1.414108814587634044e-01, 8.115416984171999748e-02, -4.828923023214941046e-01, -1.610910123880044120e-01, 1.531894785904640288e-01, -4.042006003912060885e-01, -9.655856726843405069e-02
2.085874327336973144e-01, -3.514445337241198786e-01, -3.898590962296887286e-01, 3.044825490852819463e-02, 1.482707713175513697e-01, 1.891641556012763625e-01, 1.942565493233786023e-02, -2.720257263570486916e-01, 1.402392026325538152e-02, 9.521941779438958600e-03
2.453586693443307043e-01, -6.788856905867114711e-02, 9.011025114843118633e-02, -4.838238339865728044e-01, -2.391071404025029920e-02, -2.798561574592111079e-01, -2.049207599494977383e-01, -2.639274737212980032e-02, 2.376978291686968059e-01, 2.994404000940320554e-01
-7.385198602870007845e-02, -1.484331023335550004e-01, -9.575071627659820228e-02, 6.736960513018028229e-02, -1.824345956236162261e-02, -3.005066963713378669e-01, -1.461157984641202334e-02, 1.658065923839320902e-02, -1.142019695260186041e-01, 5.664476288859905673e-02
1.150399765379779282e-01, -5.988997455830618044e-01, -9.182524326999352837e-02, -6.954228589535284277e-02, -1.554553107229096898e-01, -7.997116154852877690e-02, -1.590870874101343591e-01, 7.603612810288637447e-02, 4.152826733818645172e-02, -4.835231044844275766e-02
-9.358927753906667868e-02, 3.570637231555409685e-01, -1.306325497536321711e-01, 1.348463708647142378e-01, 4.541490117229006196e-01, 5.824622180240327657e-02, -2.249770574015227675e-01, -2.867086443569791809e-01, 2.593379389236244448e-01, -1.810991359659911426e-01
-2.117154661085372258e-01, 1.109299161324694277e-01, 2.803226903614666060e-02, 2.880008044893785785e-02, -4.943445064548388640e-02, -4.101545934671099181e-01, -6.784371732635575969e-02, -3.707947539611974319e-01, 5.788563187435404045e-02, -1.197038308685476615e-01
-7.644802244844084438e-02, 2.886964217396822963e-01, 5.909380712166423244e-02, 1.852731264951963108e-01, -2.707924756601836624e-01, 1.206730705746129201e-01, -4.626200396000224035e-01, -3.603625603568055835e-01, 3.036797965856998238e-01, 2.071543520261700799e-01
-1.366155106751483495e-01, -1.071285988509248777e-01, -2.967030088408821320e-01, -2.329830708123493688e-01, -9.176999411436549681e-02, -9.370855481595087577e-02, -3.146094464235939525e-01, -1.430406380980900616e-01, -8.881586839101489328e-02, -2.454999214340577163e-01
1.842310694043045316e-01, 1.733754414241183983e-01, -6.573700490323737544e-02, 1.694959908769878842e-01, -2.674231173864495825e-01, 1.012948297952280391e-01, 6.015793802862573481e-02, -4.801145156351011578e-01, 2.466480543686177251e-01, 3.080848941082325321e-01
1.820874389243629099e-01, -8.635893452974352513e-02, 2.297172046621937371e-04, -2.577303561097304407e-01, -2.953169554317285894e-01, -2.044771557585010890e-01, -4.003224105531852026e-03, -5.338682939370122116e-02, 3.069580281841993719e-01, 1.362018454123509192e-01
4.128471626121048982e-02, -2.653970720319993593e-01, 2.312390005581626551e-01, -1.934507527131042182e-01, 1.199938337013391754e-01, 1.796555218991237601e-01, 1.780130512381127850e-01, 2.150131076222808885e-03, 1.562799698332124065e-01, 3.993826416512433197e-02
-1.284513935814107499e-01, -6.066796497136024008e-02, -1.336655782452255692e-01, 1.813941334050943044e-01, 1.201078013951445006e-01, -2.938381079650732586e-01, 1.219274239949839087e-03, -2.603272868859472788e-02, 5.631444038445566208e-02, -1.037932400979012515e-01
-1.752271726537366348e-01, 1.256480996679030238e-01, -4.071895856349610487e-01, 4.332010780115324450e-02, 7.940344976501040319e-02, 3.179207225484058374e-02, -3.241872560513665846e-02, -1.216898708061912027e-01, 1.756731086063721345e-02, -1.062180813239571586e-01
2.909260473942280878e-02, -2.381353396510893783e-01, -4.209297853746941098e-01, -1.181450677769183000e-01, -5.839834769643472562e-02, -1.612717152803170850e-01, -2.668434161993488707e-01, 6.060557638156959664e-02, 1.532036083889924127e-01, 1.284280525610834722e-01
-2.045003744930555256e-01, 2.110946550550104120e-02, -1.130796897750630109e-01, -1.458662821277410988e-02, 2.057305469067781042e-02, 1.006689995401278126e-01, -4.952315206102819375e-03, -9.219492578537170913e-02, -8.054542683691008620e-02, -3.334461283034130530e-02
-1.936762401945054113e-01, -9.044731118929186242e-03, -2.117136398934151564e-01, -3.051432126733696903e-01, -1.444482825824847105e-01, -1.739514704933894096e-01, -3.086237688441540936e-02, -3.956991467182856548e-01, -9.433371599278120301e-02, -1.059276744499215994e-01
-1.199172048990291770e-02, -1.507198619115148741e-01, 9.596934768541071081e-02, -3.620522296320798361e-01, -3.172633987521027155e-02, -9.280814062117356822e-02, -1.562764659332811779e-01, -1.712567785846544344e-01, -3.735871656198943014e-01, -1.821029523193762323e-01
-4.740907062888165963e-02, -1.630110817911993859e-01, 1.112507614843823017e-01, 8.932798532167338101e-02, 1.461325169047606731e-01, 1.988314243743589255e-02, -6.791193128140987634e-02, 1.081719025536587581e-01, -3.639169384782569017e-01, 1.171176381270536276e-01
-1.950600001427488695e-04, 4.681511118237101365e-02, -1.212225158338340048e-01, -3.668856071687497805e-03, -3.422597822973843379e-02, -6.100521987262155083e-02, 8.976728152579656339e-02, -4.641748774986020204e-02, 1.167493212240739292e-01, -6.725395184273989801e-02
-1.293385393296015151e-01, 9.977944671863789305e-02, -5.372023417023804592e-01, -5.772122429089835416e-01, -6.131023070443803596e-02, 2.213311112769149602e-01, 1.687657121980452313e-01, -1.527363347111900804e-01, 1.372181763188312087e-01, 1.164309001120053810e-01
3.390011235316808813e-02, 4.219043153185024486e-02, -4.210803880687433165e-01, -4.132306197345868987e-02, -2.543607953311763370e-01, -2.917044413644833689e-01, 6.443519506738525082e-02, 3.366425903102718969e-02, -5.555866122803487794e-02, -4.270951507539780256e-02
1.323520505189633434e-01, -8.982148783636291489e-02, 1.388843387312360400e-01, -1.648843741896562354e-01, -1.054107506214867485e-01, 7.591565354542613442e-02, -1.009101782331807695e-01, 4.443860034536940007e-01, 7.012420617941153567e-02, -7.211616550557259364e-02
-3.887112247420587002e-02, -4.455487829519540477e-01, -5.371012419452104725e-01, -4.590249462739439679e-01, 1.884904858054041177e-01, -1.770162286071419455e-02, 1.428198963647158981e-01, 1.480063804298347163e-01, 2.398318898897927251e-02, 4.394736098617663123e-01
6.705273948442372345e-02, 2.402623409004988123e-02, -8.846469375456625373e-02, 1.216322437929147869e-02, -2.171585301692172676e-01, -9.701108461278547257e-02, -1.073724013586001280e-01, 8.141649029730203824e-02, -3.339573814565750531e-01, -3.299991320737321460e-02
-1.250911378801929652e-01, -2.808732288779625108e-01, -1.255444712078835623e-01, 7.299658122942069560e-02, 1.605614546734517589e-01, -9.181632546597115474e-02, 1.300380754334092004e-01, -1.702151520885460401e-01, 2.803960671822392503e-01, -2.342128609946455553e-01
-2.094825738968323636e-01, 1.444992163062688573e-01, -4.353318470531962470e-03, -1.075777977614090532e-02, -1.543388424552350202e-01, 1.936467153994844703e-01, 3.179643198890241829e-02, 2.782711863508073868e-01, -4.741162536623417245e-01, -8.104552683242564892e-02
-1.141021599073529375e-01, -3.091130058761388799e-01, -1.043425906084146648e-01, 6.425995563324991000e-01, -1.397067368896134920e-01, 7.303197144367679083e-02, 1.554218861312010695e-02, 2.813679324570608764e-01, -2.273539488221647253e-01, -1.002535555559075781e-01
3.767813884800074731e-01, 2.392610739163265887e-02, 1.169461547995414297e-01, 1.054047412652794058e-01, 2.146314761574378421e-02, -3.659595353712885579e-02, -8.579922231611089578e-02, 2.231997884528957032e-01, 6.176786729671309567e-02, -5.856731875215800964e-02
-1.682653019305634101e-01, -3.475592561534993630e-01, 1.835969543245873636e-01, -1.977064419266098272e-01, 2.541295548448351260e-01, -2.959236912441746137e-01, -2.644762702867016202e-01, -5.967980699184847505e-03, 1.094682715683819307e-01, 1.911522826063027924e-01
1.540421653736063490e-01, -6.899210698778054929e-02, -1.658239223104351207e-02, -9.359227273645982781e-02, -1.287972169279136270e-01, -1.341648416496074858e-01, -8.777187691690477300e-02, 4.760477523039877146e-01, -1.321239910987452026e-01, 2.603224856187179026e-01
-9.770139026647556291e-02, 1.587704550316586596e-02, -3.987052574716198894e-02, 9.452935705750670214e-02, 3.334040875065252818e-02, 1.181157463149688606e-02, 3.933462431841074358e-01, -8.171536852859756506e-02, 5.178469386419484177e-01, -3.901117559260807166e-01
-3.032087612566765622e-01, 3.803913975642526316e-03, 1.538368041726196345e-01, 1.406073289903685963e-01, -1.571875812554527352e-01, 4.733589682079637762e-02, 1.138599090916223716e-01, 7.130279999864648499e-02, -4.523670238697040658e-01, -7.740240709949269826e-02
-4.402431365099456623e-02, 4.954895525419039659e-02, -1.389707134625172147e-01, -3.495050446049241533e-02, -4.119952416520396982e-02, 4.848598145868073805e-01, -4.464562145316559871e-02, 8.720502565317445054e-02, 2.150586912667503958e-01, -1.015979398137940581e-01
1.452738167651495549e-01, 7.995806817843845171e-02, -1.427987228863902003e-01, 4.477342995048194663e-02, -3.233346091663519013e-03, 3.827610797106247853e-01, 8.809043907217499469e-02, 1.572520833185078182e-01, 1.274948117729458041e-01, -3.874328638175950079e-02
4.193674729963101089e-02, 1.328200737229959065e-02, -2.768600915918838570e-02, 7.570904243494856745e-02, 6.710446995390711988e-02, 1.674563089997845311e-01, 6.162245630979657851e-04, 1.349728453852712118e-01, 4.008865170193871008e-01, -4.995373152908164777e-02
2.770849751781859910e-02, -8.099643281785495752e-02, -3.539130611992144515e-02, -1.399704739777417051e-01, -1.113542396501669418e-01, 2.252371807094237510e-01, -1.349913389893664106e-01, 1.512019791051676387e-01, 1.408461808179129193e-01, -1.452835142216261921e-01
2.117463409519468598e-01, -2.981970988409043399e-01, 1.374829778468996122e-01, 2.185803427668760179e-01, -4.930520012774148308e-01, 1.116830203405814181e-01, 3.692288722157198166e-01, 4.459651808906487935e-01, 1.743596962491519020e-01, -3.200812444004548785e-01
-1.041341891808272718e-01, -1.304704014236542434e-02, 3.013464690921206432e-02, -2.982506064119397893e-01, -3.279523965638785898e-01, 1.469927923897792199e-01, 1.996365180805393658e-01, -3.578035201615739624e-01, 9.306041266705138149e-02, -2.035812056749447888e-02
-1.305048340871052259e-01, -3.109721435503524645e-01, -6.605448312256621823e-02, 2.073553455430908812e-02, 3.511338301095778824e-01, -3.244929806047261445e-01, -2.831890711717213738e-01, -9.237669366434214657e-02, 9.367666872243203546e-02, -1.310015113681722680e-02
-5.852748977501478489e-01, 2.995481404625936761e-02, -4.831800101683680349e-01, -6.946047062126640970e-02, 2.419831474906215807e-02, 1.062685310991410559e-01, 1.546498754736232717e-01, 2.350036223059910265e-02, 2.347038819641497631e-02, -4.653894135408489369e-02
3.790474465644051022e-02, -1.914993141600551674e-02, -3.636450789830140140e-01, -9.529952407602622355e-02, -3.358638731400549055e-02, 3.965972570024722116e-02, -3.136426188377048341e-01, -5.343765577375694104e-02, 4.691234862134465583e-02, 2.381234233090578911e-02
-3.232560228188496171e-02, 2.574707643794775860e-02, 1.828204571151677837e-01, -1.707635150624614295e-01, 9.363923157747311432e-02, -2.959414930070749031e-02, -6.935795238072098301e-03, -4.034665467870006683e-01, 2.772322125099694473e-02, -4.549284068339280035e-02
-7.901578856450451604e-02, -2.752123395877464559e-02, -4.038528436761235074e-01, -1.030888853228738994e-01, -3.534179616664787638e-01, -1.831244353080153375e-01, -1.486894205728958307e-01, -5.065856028081463375e-02, 8.866736213073725392e-02, -2.538556810322125101e-01
-2.543094228546673510e-02, -1.772731367772906186e-01, 3.350450269893113231e-01, -1.173707523752827858e-01, -2.191266411276664855e-02, 2.071616142165054741e-01, -1.084077962943338913e-01, 4.557100330302040619e-02, -1.128057727049247699e-01, 1.536008253356243025e-01
1.354048086654696115e-01, 1.570807647058770073e-01, 1.805220896421467769e-01, 7.707512019077403242e-02, 4.265489147284517446e-01, 7.329485244885983186e-02, 2.286676356791564613e-01, -4.996962103920386811e-02, -6.227192152747796500e-02, 1.102667479568756187e-01
8.889277973911685615e-02, 6.824483123836128096e-03, -5.151079466467109458e-02, 1.037956390677572810e-01, 6.499397653162862498e-02, -2.623641823010301397e-02, -1.934160949136226881e-01, 1.903392603178158393e-02, -5.539850336197344599e-02, 1.683044230450748413e-01
-1.397373636325215107e-01, -2.196136033365891360e-01, 1.081564310804029733e-01, -1.669455992471492178e-01, 7.195335490016938063e-02, -8.348108328268918910e-03, 3.406989957048218998e-02, -3.319446218308818447e-02, -2.666970148664857820e-01, 1.538495843582318168e-01
-5.548838648837746065e-03, 2.491604142258640464e-01, 5.530164597654604330e-01, 2.175456859104107632e-01, 1.035992294331119223e-01, -2.569263158171107911e-02, -1.250612116834008414e-01, -7.154184853837439184e-02, -1.427794982284705805e-01, -9.925300200334247203e-02
-1.496041519713979251e-01, -8.072086536733882878e-02, 1.344472771982131165e-01, 1.569725336933767701e-01, 1.387986085826726224e-01, -2.791126453520547113e-01, 9.081033599551629337e-03, 4.586101952797855263e-02, 1.897952326569533887e-01, -5.946990812589787456e-01
-1.182459129493814293e-01, 2.235316916953632438e-01, 3.547311660671569056e-02, -6.781887440678342760e-02, 1.938117059572266043e-01, 4.455063744582782141e-03, -1.655551423529882243e-02, 4.718354716816759720e-03, -1.401958109722435120e-01, -9.030726243434787290e-03
9.589035699250966771e-02, -1.104242373588117804e-01, -2.149352563203866529e-01, -3.368170012323974671e-02, -1.077000976791275301e-02, -2.416458129886840389e-01, -4.025671466567342649e-01, -1.233188355566042921e-01, 4.194699449332373736e-02, -1.407337930552822747e-01
2.959954772803298217e-01, -1.914915847977616270e-01, -2.956248040101392416e-01, -4.991841358645377619e-02, 5.533498764954808413e-02, -2.590375537139479323e-01, -5.785846483647521209e-03, -3.357407188964645073e-01, 2.025078806553592958e-01, -2.916066474080585003e-02
3.512464596256872906e-01, 2.500748239173862519e-02, -1.957331376749204543e-01, 1.747393790208398578e-02, -2.284515637622960005e-01, 1.779742004138300804e-01, -1.375941927234482498e-01, 2.708049008959663162e-01, 4.672189077210803232e-01, 1.388624003413685068e-02
-1.598145172714000861e-01, 3.421714518498524815e-01, -4.851258496781879481e-02, -1.995601277396162054e-01, -4.604491724334838221e-01, 1.702839782708970018e-01, -9.818444363389124130e-02, 4.229679906079236024e-03, 1.507444145351237719e-01, -2.207786229261422262e-01
-2.175438087265780251e-01, -3.605738477085427829e-01, 5.163103920789131190e-02, -1.433627336743074354e-01, 5.116110356186090447e-02, -1.383044690123244602e-01, -1.006093517579063484e-01, -7.967216430010555517e-02, -7.089857913464871209e-02, 4.653866536276412419e-02
-2.465564536447973354e-01, -6.967540063787652782e-02, -1.742993499958854775e-01, -1.063025094371523455e-01, -1.137709852433580332e-01, 3.128442226733345599e-01, -2.343030061868455471e-01, -7.567061451958513076e-03, 3.177873545375062836e-01, 2.811151805695545902e-01
-3.297213376629929554e-02, -1.049916613008712030e-01, -1.736793115319060499e-01, 5.946804923078981980e-02, -1.825696308539700996e-01, -1.318837143310495341e-01, 4.323291103108296840e-02, 4.744402931209967256e-01, -9.503716060152410383e-02, 8.219616413935867394e-01
1.429325086860568431e-02, -1.415254947911586680e-01, 2.169400175734061686e-01, -6.284623521722867978e-02, -3.106332350237392750e-02, 6.745218527010558851e-02, 2.279712323549230590e-01, -5.408526216161914368e-02, -1.678898301824962302e-01, 2.221478302683004558e-01
1.004231547905380662e-01, 7.015294213432815562e-02, 1.860232556446936025e-01, -1.182951272335036746e-01, 1.616750599330057936e-01, 1.534594908458163653e-01, -5.874913630663675806e-02, 4.843335562752340562e-02, -2.461083335187340682e-01, 1.147900484014789529e-01
-1.259862781758226691e-01, 5.114806619359385520e-01, -3.399623024923087433e-02, 1.549679336035906553e-02, -2.043285984994080706e-01, 1.209645652106814545e-02, -3.119511640039413988e-03, -1.654653910909828773e-01, 7.499984782154027474e-02, 2.352004721092775322e-02
1.450196217666540055e-01, -1.193182467250395035e-01, 7.926528624942277834e-02, 2.932688853098605608e-01, 1.211459213248074623e-01, 1.362677847714024448e-01, -1.049731407155204133e-01, 1.857625134316813476e-01, -5.726160689076210675e-01, -5.968664185457906585e-02
-2.405394066611850346e-01, 1.186870882008449340e-01, -4.973122774938928958e-01, 2.117209393077674751e-01, -3.133250725745381771e-02, -2.654840983735942683e-01, 2.443829973448412574e-01, 5.014163656888343673e-02, 2.206686166058216270e-01, 1.439603930604861637e-01
-2.074831377301439572e-01, -2.352050570146194119e-01, 2.905327653250867614e-01, -4.456085383419062240e-01, 9.897096490295505256e-02, -4.776810857918481479e-02, -3.003563620515711241e-01, -1.343609393320113407e-02, 1.579176575141806871e-01, 9.437523232396707873e-02
-2.419259891521964856e-01, -1.991977309749168035e-01, -7.606898363253146444e-02, -2.256765532507574654e-02, -2.652915337666694046e-02, -4.659321661746061716e-02, -4.655026524491895357e-02, -4.612043512480579199e-01, 1.375729525984710766e-01, -1.719930756563697316e-01
-7.121772344188527504e-02, 3.563891151355152997e-02, 1.213479298231450731e-01, 1.960125030489344444e-02, 1.143963462777258938e-01, 1.817369349815984789e-02, -2.190928153047234928e-02, -2.208194457762894802e-01, 2.028585248368424410e-01, 3.221116369507033284e-01
-3.864063260542942579e-01, 6.585616976589057925e-02, -4.606032954079443131e-01, 3.566317915827767471e-01, -5.654792227531011545e-02, 2.701904963486230840e-02, 1.053073385703517245e-01, 2.353612259559046543e-02, -2.315553808492483434e-01, 1.569250431405347368e-01
-2.694492107539504522e-01, 3.321791347792112103e-02, 1.141313712832879301e-01, 2.328195679013543226e-02, -1.490153787257601226e-01, 1.623653860257839865e-01, 2.942177773244994410e-01, 8.288045354670250942e-02, -6.818405391303233865e-02, -3.316760711878385254e-02
4.119448388267486078e-02, 7.800026170173833540e-02, -3.308299384335670057e-01, 1.185688380202300773e-01, -4.961083919055414050e-03, -8.031954924923725980e-02, 1.208158014998426781e-02, -5.489708854112218539e-01, -3.269690911785583243e-02, -8.342475961288481345e-02
-1.801775369683049077e-01, -5.541136239555055631e-02, -2.070099261665622747e-01, -3.684472869088442071e-01, -2.115415836211102796e-01, 3.440325519278637778e-02, 1.708668814764147115e-02, 1.293527163841368989e-02, -2.131746536879117193e-01, -3.611258331399582189e-01
8.727064372498651024e-02, 1.267525019054763502e-01, 4.073627137144465032e-02, 3.288949436007035376e-01, 1.320691820681607342e-01, 4.540291013904483586e-02, 8.454614235787764887e-02, 4.467157497191014126e-02, 1.462977839261221658e-01, -3.103850075470050707e-02
1.311078432551446293e-01, 2.674724674938139812e-01, 3.312279645012033286e-02, -1.059123784874481215e-02, -1.940527027347597189e-01, -8.141314279730180181e-02, 7.454348033906109394e-02, -7.136058854437256349e-02, 2.368110265218284494e-01, -1.081527186668523183e-01
-2.412133938186783733e-01, -1.712204375487051677e-01, -4.349524411604617780e-01, -1.379408768108879302e-01, -3.058595342477495732e-02, -4.398666096364772793e-02, 6.804268049580505795e-02, 6.711474946180526549e-03, -9.722262056276403941e-02, -4.660132296293265086e-02
1.043272397672113383e-01, 1.721793952013154771e-01, -9.933330439070109374e-02, -4.684328075485216791e-03, -3.995105512644402945e-01, 1.291119838093560124e-01, 6.514729514285277912e-02, -6.347489181956053605e-02, 1.037726282432061171e-02, -5.175463922092645719e-01
-8.129826111392964016e-02, -1.309065511142802063e-01, -2.400934038886988822e-02, -3.898151896978370723e-01, 1.780130148804243972e-01, -3.112960528237209146e-01, 5.949708817327843680e-02, 6.339151391559282034e-02, 5.415324222113954838e-02, 2.407127624842765601e-01
-2.248047899459540422e-01, -1.717413684543764654e-02, 2.360425557663121121e-01, 4.374501273531954809e-02, 6.329338564139079526e-02, -8.604320114235615435e-02, 1.510058875825649738e-01, -2.096598590694194186e-01, -1.085542653070810520e-01, 3.162419511414403528e-02
1.453364242144989937e-01, 1.343853936214622624e-01, -9.022322721661149569e-02, 2.894261111595914857e-02, -1.791215100942659122e-01, 4.422043845490839648e-02, -4.385776376037485436e-02, -2.683710763032902125e-01, -8.029616296832649269e-02, -9.565811089982655113e-02
1.768892744830643238e-01, 2.877942217980951067e-01, -3.438655738313928928e-02, 2.002872218262206072e-01, 1.539155817949584837e-01, -4.693181480284236429e-02, 3.952248310312004437e-02, 1.584007891462729523e-01, 4.239340469330015598e-02, -3.564126374047539292e-01
1.143264042296422353e-02, 5.389922513415757940e-03, -4.603713619251046524e-02, 2.947452252258407970e-02, 9.665843484353004236e-03, -1.974561365495144105e-01, -2.295910141422639883e-01, -4.293511521749477922e-01, -4.799053853866452543e-03, -1.806667456454532084e-01
-1.571538363101009084e-01, -2.419044614945412841e-01, 3.507065077029475897e-01, -1.018693404594782775e-01, 2.511449255649411683e-01, -1.870640365210996803e-01, 3.717781343175837194e-01, -6.806968819884157140e-02, -1.216811667265611241e-01, 3.144023932941438643e-02
1.111031291222706052e-01, -3.073712782182444481e-02, -2.862355111973955979e-01, -2.410931182454768840e-01, -2.836818009898399162e-01, -2.343413740329373940e-01, 1.410505950059817992e-01, -1.277906984476665231e-01, 2.390738128229744476e-04, 1.050011311447869300e-01
1.879855747990820947e-01, 3.124057407666426811e-01, 1.574636183526016697e-01, 1.893973546655290663e-02, 4.396198700925078862e-02, 5.165065223016495066e-01, -3.733598503606477825e-02, 1.447329892214216929e-01, 1.320131520312825268e-01, -1.231010388428865898e-02
-1.629608975660661319e-01, -1.098782510660996081e-01, -8.309035474687517797e-02, -1.292290657903811535e-01, 3.799211222337714466e-01, 1.148769352710511810e-01, 9.494214914188454923e-03, -1.879498699024476360e-01, 9.543603268319184041e-02, -3.560394765395477057e-01
2.436473454307312714e-01, 1.055699067855477152e-01, 5.553057668312510325e-02, 2.972725597277579013e-01, 5.041398730002106393e-02, -1.331331144734615793e-02, 2.494159835889988089e-02, 4.774315201821408006e-02, -9.226243761503170882e-02, 5.169319560319367290e-02
1.066342189781977062e-01, 5.026182140172894691e-02, 1.573512487672423243e-01, -4.274664074364020044e-02, 2.150878251973754596e-01, -1.768938783005874205e-01, 1.607032932553500298e-02, -3.316002286968174340e-01, 1.255404914716461429e-01, -8.900416603358086987e-02
-1.736598488677202623e-01, -7.048049994711644284e-02, 6.420579849303601448e-03, -2.823810983999163193e-01, -1.482742817841275484e-01, 1.166195543145844005e-01, -9.374753158442487855e-02, -3.274545715143110242e-02, -3.902567051445523637e-03, -1.110217931768745225e-01
-3.535416337892924865e-01, 6.590476290343194599e-02, -3.734833645141699132e-01, -2.384698189978072813e-01, 1.803910874527091257e-01, 1.623205813656492802e-01, 7.519075933910918108e-02, -8.297940434957673528e-02, 1.994299882630180543e-01, -5.340016405300206971e-03
-1.260574810084469088e-01, -4.673055780653067592e-01, -2.767034918941537747e-01, -3.426258339663906249e-01, -2.337444684777233994e-01, -3.744420320407898517e-01, -4.391495386460134154e-01, -9.964850627434036767e-02, -2.254229644358091145e-01, -1.890870538665675449e-01
1.572695269804589291e-01, -4.917696896506330850e-02, 2.596085446485571491e-01, 1.811779090575036666e-01, 1.502090384719654281e-01, 2.259238410947485565e-01, -1.044885112169790242e-01, -2.233103848384211110e-01, -5.039869383697702654e-01, -1.344251678329264899e-01
8.602867522415620638e-02, 1.304950167229323721e-01, 5.535420361353989016e-02, 3.474123928175482622e-03, -2.235711799247320775e-01, -8.297827142723673832e-02, 1.119686343798581007e-01, -1.217568869907007523e-01, -7.478489144205081873e-02, -8.454691478862760845e-02
-9.951368531978634080e-02, 4.422924888283326188e-03, -2.715578263667786652e-02, -2.262720353937394957e-01, -3.334616525236263063e-01, -6.668992339222924726e-02, 2.803081773595731963e-01, 2.628393461915220497e-01, 2.175125722076761414e-01, 7.309289951081175685e-02
-1.473734275175286601e-01, -9.375432272816190682e-02, -1.157539959182357983e-02, -3.811341923580158775e-01, 1.887810774902450722e-02, 8.387693668204515562e-02, 4.457646895818678096e-02, 5.467785524087578203e-02, -2.747628883361467600e-01, -7.740303285868892214e-02
3.078574501905254612e-01, 3.154958674745439451e-01, 4.500290307700854919e-01, 2.829824523402335590e-01, 2.446457792595865544e-01, 3.410739990382187781e-01, 2.515069456308585694e-01, 1.397810474546385129e-01, 2.813938222538913680e-01, 1.925290945597128434e-01
-1.643975157619773086e-01, -3.215741954802072144e-01, 3.727988336108249423e-01, -2.651499129729542048e-01, 6.736774749318128657e-04, -1.529585432002240897e-01, 1.986909787757166201e-01, 4.701677323395997976e-01, -3.081351300771511398e-02, -1.585284322322091655e-01
1.334264803124124155e-01, -3.278182855463637746e-01, 2.964317409691193950e-01, -3.025495802167949000e-01, 1.322404922023603935e-01, 4.149029347772443810e-01, -2.442081664993606127e-01, -1.677213011445164437e-01, -1.775684204100466401e-01, -2.056053772421186365e-01
5.971998626090357920e-02, 4.803892741708378766e-01, -2.498754000964924921e-02, -5.096612782385958468e-03, 1.044684165401189024e-01, -4.943029194896705891e-02, 2.301645137436943434e-01, -7.911533238343942953e-02, -1.317398097825978887e-01, -1.129310937648703300e-01
-2.329926410836975770e-01, 1.814396409060953577e-02, 1.461741069418600880e-01, 1.760186452157684878e-01, -5.931029867051912374e-02, -7.823078784963381771e-02, 3.493176782500416466e-02, -5.872083692471312677e-01, 2.185934929631698775e-01, 3.734660840567642359e-01
-1.038123860506570267e-01, -3.457072816241374968e-01, 5.968881926232446483e-02, -4.105405328084346106e-01, 2.793390655927766031e-02, -2.651351177134280476e-03, -7.258614994494018424e-02, -7.125004222208547455e-02, 3.881375552848391475e-02, 1.210177397972185820e-01
2.561120409363797437e-02, -2.762406907204862511e-02, -6.749929589451021672e-02, -1.627705481322152259e-01, 3.021475698382765085e-01, 1.370810393225441737e-01, -2.183613215577387134e-01, 3.741338378771447148e-01, 1.704474826237850280e-02, -2.112069849726221776e-02
-1.347839834459987618e-01, -2.757146057997527169e-02, 1.573354647930322037e-01, 2.391995910973647443e-01, 1.340298899549981493e-01, 3.425379472501419165e-02, -7.943802351319394217e-02, -1.356761649542851701e-02, -6.643228454149679996e-02, -1.273005302465941013e-01
-3.667096853832140652e-02, -6.779438308323433582e-02, -1.489126696909439385e-01, 1.821434501126612329e-02, -9.678242304354596481e-02, -9.090441733158526050e-02, -2.844721771709965985e-01, -5.205351235338098390e-04, -2.974498918208434706e-01, -3.046464358165013042e-01
4.642206445922963769e-03, -1.248742914420964689e-01, 3.486370676221101084e-01, 4.052694239563704032e-02, 2.538115975209568886e-01, 5.793864373544409252e-02, 1.733804674296019754e-01, 2.020060143164761346e-01, 1.544843219506787657e-01, 3.814628963994655120e-01
-3.419046675054814854e-01, -2.408473726429992134e-01, 6.970190287163666176e-02, -2.767867654473405437e-01, 1.271516800458198093e-01, 1.667010732683127661e-01, 3.033420688368876350e-01, 1.771292121410230069e-01, -2.017103802981212446e-01, 1.855544355564603953e-01
2.316644883735068799e-02, -4.363435433151720971e-02, -1.883946696833214973e-01, -5.499216097570028966e-02, -1.173706516109981751e-01, 1.900664943590541500e-01, -2.208547909342573334e-01, -1.925591518427283988e-01, 1.102107235854539319e-01, -4.403640083154095053e-01
5.171730630943956880e-02, -3.635609161069644490e-01, -2.513297628882061874e-01, -2.231955332669089687e-01, 1.925372476876205385e-01, -1.307349457413548854e-01, -6.281170394150170644e-02, -2.190240639262010236e-01, -1.740076805912630156e-02, 7.131620782454314855e-02
3.527879704328698574e-01, 2.785392962680669632e-02, 2.470388345659847995e-01, -1.314276665994662530e-01, 1.847764347557017683e-01, -6.483759708614199313e-02, -2.252843585139296112e-01, -1.581117154526885116e-01, -2.650829277806658960e-02, -2.198784736975310516e-01
-4.089939928715467521e-01, -1.455675676586112299e-01, -1.647051384402607038e-02, 7.231191136264197850e-02, 1.778400235905800708e-01, 1.916520697309688839e-02, 1.392097265138218798e-01, -2.592733938713602249e-01, -1.776568914840429281e-01, 3.411237925153430550e-02
1.665526355463083363e-01, -5.129218231672045408e-02, 1.258962117928713875e-01, -4.024782979575932708e-03, 3.731361104925121769e-02, 2.830974334800740455e-01, 5.037357748518396239e-01, 4.264737603183452186e-02, -2.361152931758025986e-01, -1.661693198358333012e-01
9.588343625648826363e-02, -8.351251963354183738e-02, 8.725919428477014669e-03, 6.946786973974329073e-03, -2.860497680151029565e-01, -3.096531556827536447e-01, -4.214768045690830967e-01, 3.354240678021917083e-02, 3.754783033865465719e-02, -1.258769689500972497e-02
1.219402206096849156e-01, 3.729775509040168108e-02, 7.348019131271964210e-02, 1.558727791785682326e-01, -3.813456719518457660e-01, -2.939895630950368766e-01, 2.512223860855078983e-01, -3.780809081263237365e-02, -2.137041084646120748e-01, 2.844164137389978420e-01
3.356101696056639216e-01, 7.544025118493753734e-02, -3.459348280142728743e-02, -1.576884519412570795e-01, -1.099203206372115077e-01, -1.567222940499259365e-01, -1.228950398808288241e-01, 3.691973627894542392e-02, -3.641538443875116937e-02, 1.967043647801090811e-01
-1.514030610430430468e-01, 1.116115405981537613e-02, -1.220956655575978211e-01, -2.529061880069659596e-01, -3.191357310285023452e-01, -2.614833232635287441e-01, -1.396473627256149819e-01, -5.606791768660657899e-02, -3.307185412403041425e-01, -2.999452288154656754e-02
2.917137989917532037e-01, 4.477523773609441704e-02, -6.279099867007980063e-01, 4.941405608100706282e-01, 1.209340556406685030e-01, 3.087540345327392521e-01, -2.610983707792137176e-01, 3.539889547181249707e-01, 2.380777211200280352e-01, 2.034255875072861486e-02
-1.611937151879162256e-01, 1.623179694915318494e-01, -1.844775097346091908e-01, 1.730303019129296183e-01, 9.935357322699039928e-02, -5.113464047081545810e-02, -2.654732580223176930e-01, 5.941646725864508510e-02, 3.247049932125380955e-01, -1.438423180169294824e-01
-4.650933807056457647e-01, -3.103575488168413554e-01, -4.681315445687097010e-01, -3.421305574977380193e-01, -2.463899881063068842e-01, -4.554461525097644459e-01, -6.614867059742825239e-02, -9.894769408407777522e-02, -1.102731788214664360e-01, -2.569941033704204458e-01
-1.605102377376554645e-01, -1.815659339998971777e-01, -3.171227363590326670e-02, -1.080153834807924540e-01, -1.051997909126216740e-01, -1.364269793052995949e-01, -1.321808593725790071e-01, -1.669622532631134249e-01, -2.430456805356765448e-01, -4.651861864692222182e-02
-1.321834266246219303e-01, -2.582306108361123176e-01, -1.396714764554404520e-01, -1.015413206385829131e-01, -8.464232080002963288e-02, -2.785594173597593648e-01, -3.009201989647087294e-01, -1.801476871716759243e-01, -2.514983192051293767e-02, -2.192134126346866607e-01
-2.937786464738433301e-01, -1.678043508290683883e-01, 2.346454437749114497e-01, 8.735284682217724431e-03, 2.911455414433801181e-01, -4.029656263030941266e-01, 1.676433849174119584e-01, 1.804754423362548432e-01, -2.554975682966106887e-01, 7.082495023280922786e-02
2.928716256621309300e-01, 2.740287568081565261e-01, 1.029379053084357315e-01, -5.409676637193209237e-01, 2.810918373089709710e-01, 3.264131988533575668e-01, 1.258075704429265085e-01, -1.755485818247591312e-01, -3.252087522965999705e-02, -3.836557368235306020e-01
-1.788314348515378238e-01, 1.570048800868250605e-01, 6.398078388466712542e-03, -1.778461954758716324e-01, 1.374712780894731846e-02, 1.632990516232430411e-01, 1.345681990197414024e-01, 2.262542765262508249e-02, -1.532975220505274905e-01, 1.224983764350445342e-01
-1.803089698130287966e-01, -9.821242662279137947e-02, 1.001665077357768024e-01, -1.638383783741576838e-01, -2.361639914393652562e-02, -3.308122965233192825e-01, 1.061474178023051190e-01, 1.540690638864565809e-01, -4.443498466352698018e-02, 2.712846197510889179e-01
2.246293720674450711e-01, 1.287261701035859740e-01, 2.832886499834630922e-01, -2.780918033912831433e-01, -2.147051394592522713e-02, 7.525774440259415388e-02, 9.803026803542537471e-02, 2.079276624180956268e-01, -3.954394494682991756e-02, 1.091189711379508542e-01
8.711214620914231599e-02, -1.480792652697160774e-02, 9.400473710952440831e-02, -7.566789557245073850e-02, 2.916656872290546154e-01, 2.737421157356994400e-02, -1.933013314561118634e-01, -2.463253537132985976e-02, 3.866690280041475830e-02, -1.793096357423168696e-01
2.236656168829490310e-01, 7.678036260047167716e-02, -1.287922962350503686e-01, -8.741986221166703208e-02, 4.682395924087179306e-02, -5.083128658606085593e-02, 8.193386389904919187e-02, 1.423624541685137301e-01, 1.535793329841687593e-01, -1.824501450993513130e-01
-8.109958066401146137e-02, 1.728218238174451526e-01, 9.395716208056567598e-02, 4.296305344808288296e-01, -1.589845165724572407e-01, -3.614025735903132058e-02, 1.737186140070968443e-01, -1.848919946648340251e-01, 1.192387177090252492e-01, -1.416852546012970226e-01
1.928891822018845015e-01, -1.165592495420951641e-01, 1.966001838291175363e-01, 5.158579237514470534e-02, 3.083492706670041827e-01, 6.464983231760401683e-02, -4.730375158356694976e-02, 2.023201980605313088e-01, -3.472113335592384997e-01, -2.784254371525991464e-02
-4.277962142206374052e-01, 7.447823384607990538e-02, 1.530707300599171983e-01, 5.155832412002858689e-02, 8.601236940308538970e-02, 1.181523794806553507e-02, 1.011075756681958371e-01, -2.021745084453768215e-01, 1.384968834213667344e-01, -6.596308278827418825e-02
1.688431911558837476e-04, 3.001675640763502573e-01, -1.556708728392409702e-01, 1.548527336202346893e-01, -4.949900845042143893e-01, -1.250361959239390530e-01, 3.057725552836237926e-01, -2.655224083618044073e-01, -1.181990055810687723e-01, -3.491140051671590833e-02
-2.596946714236343379e-01, -1.737442772950343814e-02, 2.097131866256523453e-02, 4.301183948831465570e-02, -1.732712006227511425e-01, -1.270474850166747882e-01, 2.328369373099415662e-01, -2.333255604702318686e-01, -1.900008450433774698e-01, -2.046105590909218508e-01
3.197003510755836997e-01, -7.556208986651835775e-03, 2.675123969838390514e-01, 2.922954697731826035e-01, -6.818805056277807419e-02, 3.689313675293571237e-01, -5.184325888590746167e-01, -2.190145783087780185e-01, 6.158057696046703028e-02, 8.884584503922107745e-02
1.182407932735881906e-01, -8.154487960991699605e-03, 2.587639993079677847e-01, 6.268176662790291009e-02, -1.020664247014228983e-02, -8.014684108153889708e-03, 3.177085063408021104e-01, -5.509553541079120070e-02, -1.225095668331631776e-01, 1.524941969918815476e-01
-3.005033775514026530e-03, 2.260060184293626317e-01, -1.664999699360579163e-02, -1.388519496995164471e-01, -2.109869284357246133e-01, 9.284661947057117060e-02, -2.588349177281338287e-01, -1.201511753752955852e-01, -1.891978126750849462e-02, -1.040740513463783434e-01
1.281214784206257118e-01, 1.302806190000538877e-01, -1.289206362881659684e-01, 6.968074831690315718e-02, -1.024510748614697458e-01, -9.971763429319838168e-02, 3.706795333838610040e-01, -1.079800163249306812e-02, -1.931028310944525317e-01, -2.441399706626167510e-01
6.624595424179091641e-02, -1.496921064587966310e-01, -1.985020541354193258e-01, 2.611200453192147677e-02, -8.286791617354867523e-02, 2.074488045617038645e-01, -1.688245099716831621e-01, -6.187377770991869808e-02, 2.810977284301374723e-01, -3.247996183159254646e-02
-1.352822434387995765e-01, -8.975400498118414616e-02, -1.091938430140116240e-01, -2.005404958430989648e-02, 3.235831862397332559e-01, -8.322683467152351688e-02, 4.933519467198125424e-02, 2.985835601110621296e-01, -1.909031177532175549e-01, -1.211519504253664309e-01
-1.534196990497405932e-01, 7.566425591693333452e-02, -1.145124084166838085e-01, -1.808491521083505915e-01, -1.084142288557985723e-01, -4.232410312447375950e-02, -3.113597987859077487e-01, 2.952221696850883953e-02, 6.558546653883183877e-03, -1.865262470435929409e-01
-9.315978873538074273e-03, 5.244978546727157437e-03, 3.286502793782419829e-02, 1.567245446974256662e-01, 7.810382665419451920e-02, -7.827860934779348745e-02, 1.436101389588457788e-01, 2.312500491551476856e-01, -1.102786382696606116e-01, -6.515743501108804681e-02
-2.272611591487404548e-01, 3.308585813236958884e-01, 1.619314946483210171e-01, 1.588279697939657953e-01, -2.937937786924614270e-01, -4.282203561671206749e-01, -1.554809191205174801e-01, 3.047771834876911168e-01, -6.811957057142187244e-02, -3.688808539683872123e-01
-7.484284789776184110e-02, 5.522266140697110193e-02, 1.146857384596064733e-01, -1.435608933632267770e-01, -3.402619938668771105e-01, -2.164771757824997256e-02, 2.627319223327602704e-01, 1.254644029220890467e-01, -3.471369437374015043e-01, 1.348615757982029317e-01
1.916858873593142720e-02, -1.889677232406314911e-01, -2.005822599719961699e-02, -8.249768907236673665e-02, 8.441752869317750707e-02, 4.248644123524898397e-01, 6.331656286393344546e-02, 1.574153998487248102e-02, 7.972430453496555380e-02, -1.101575189554098583e-01
-1.878856545187654672e-02, -1.477265966968077660e-01, 1.240310945860690489e-01, -2.636863637016889465e-03, -2.108310331911465441e-01, -4.335334839692629727e-02, -7.734294787381036651e-02, 4.217908445533589956e-02, -3.575287107032127376e-01, -6.676925196642792548e-03
2.981143251699071572e-01, -3.051557516779211318e-02, -1.173246236381194213e-01, 1.480939646189559089e-01, -1.568598667334609731e-01, -5.074621996030911214e-02, -5.881735524061517534e-02, 1.935394877762852406e-01, 2.171443726818349518e-01, -3.325435204225810071e-02
7.091875844875120127e-02, -1.212912629081839555e-01, -1.837889840979572142e-01, -1.273844097850614643e-01, -3.051727831102753197e-02, -6.309139759877696596e-01, -3.256607131151049161e-01, 2.988793881405658881e-02, 3.158144083415326264e-02, 1.352522050918190943e-01
-6.380753798677323008e-02, -1.392799431496567486e-01, 1.616869699162058749e-02, 1.021858283432926368e-01, -1.333684837072254825e-01, -3.845275395223909584e-03, 4.363269320707175575e-02, 1.092995865478936512e-02, 9.043995142770956674e-02, -1.108130392099935246e-01
-1.470244376582598711e-01, -4.396051768690317774e-02, 5.440677433480607672e-02, -4.503458540246112474e-01, -8.704639453825293444e-03, 1.651004704374273288e-03, 1.217840187823270026e-01, 2.911219796576325000e-02, -2.734235172576347517e-01, -2.514631133049669703e-02
-2.620195117996335643e-01, -4.181465409865340321e-01, -1.105724976390312364e-01, 9.952688460259354053e-02, 1.836210278337507551e-01, -1.380475984216702479e-01, -3.886361656559277344e-01, 3.526503298126556496e-01, -6.280752963225007257e-03, -3.370174586810315009e-01
2.542405729499230271e-01, -5.017724945998423142e-02, -1.892362749660312371e-01, 1.203384857610766412e-01, -2.430609730823632963e-01, 3.805249734395139971e-02, -1.692098972054154327e-01, -3.519193186287343511e-02, -7.634818684573277392e-02, -1.194690934307127278e-01
-3.819310654288462364e-02, 1.317926267742257906e-01, -4.052159093524886901e-01, -9.404936145722697649e-02, -8.936045308871687354e-02, 1.312082712680151253e-01, -9.101956511951481144e-02, -6.580152865976909848e-02, 8.412764481510577597e-02, 1.358429709116530104e-01
1.369152000064874364e-01, 1.880435975995278508e-01, -4.464968842405071525e-01, -4.358187879635686685e-02, -9.499744637849581730e-02, 1.304013241762189690e-01, 7.524017560235657376e-02, 2.672997397727540636e-01, 2.004056242578886038e-01, -3.580060094636402512e-01
1.592413449586725302e-02, 1.412007353079942629e-01, -4.729653005253155185e-02, -4.823067338213961608e-01, -2.214528901890204862e-02, 2.577301598151291936e-02, -7.706426750549080773e-02, -3.610178360985791257e-02, 1.052724050076224022e-01, -3.585023513914021853e-01
6.410659986044486836e-02, -2.260764214981411391e-01, 5.895381007909310939e-02, 2.538713932421071129e-01, -2.249673732958452632e-01, -1.803625841024021903e-01, 8.141130704738280821e-02, -2.279859568911861978e-01, 1.786252425803850630e-01, 4.050661307237193171e-02
-3.108208201141018923e-01, -2.625842213586210283e-02, -1.955725445077234059e-01, 1.125360094533695010e-01, 5.456734096112311055e-02, -1.837595475295270564e-01, 2.050168777049312177e-02, -6.083884088886466063e-02, 4.178472588349883138e-02, 1.730845827773143039e-02
5.588939452529286672e-02, 4.756966548410788698e-01, 3.351699769537551110e-01, 1.053021018769425068e-02, -9.857952130227966292e-02, 3.181694964915674495e-01, 6.868465218467038891e-02, 2.587767069247295243e-02, -5.169187282345473478e-02, -3.343427326191421994e-02
-3.037516058337133562e-01, 2.701600604520247306e-01, -2.103234653420134326e-01, 2.885522547983919162e-01, 3.794187004109407235e-01, 1.755741869228805707e-01, 3.867633100811183611e-01, -2.425966136177127308e-01, -2.142995816472769155e-01, -2.688426977400880102e-01
-2.101598747425932612e-01, 7.935672493091834589e-02, -9.399809725470970045e-02, -7.042394473815415390e-01, -1.209468123580883098e-01, -2.986129312648768547e-03, -7.061740222282782142e-02, -1.686660865851153657e-01, -5.548813273797539858e-02, -7.125382560674715926e-02
-3.517695985072686327e-01, 1.426748884734491130e-01, -1.468072154955490649e-01, -4.401463435058372564e-01, -5.158697436472536174e-02, 2.445177080727405916e-01, 8.929434330143934395e-02, 1.806076669990714922e-01, 2.284979625467617459e-01, 2.501202928398653658e-01
1.305082727143604127e-01, 3.811828766152549064e-01, -6.032042400798772741e-01, 4.970831851819782626e-02, -5.842995599372431681e-02, 9.696431245340253469e-02, -1.061493070353956292e-01, 2.634245493664075788e-01, -9.465722023306168825e-03, -2.460276954231933322e-01
-3.011540656478637126e-02, 1.474240047451246816e-01, -2.094991367772195134e-01, -7.524853096569517064e-02, 1.524080029591347862e-01, -3.947526352089996138e-01, 2.426637329191681514e-01, -4.230902739337141782e-01, 1.587697939969116012e-01, -7.897526467645475667e-02
-7.727482555331807723e-02, -5.598849241360260437e-02, -3.225850803647617449e-01, 2.224633996842871331e-01, -1.036103490286325035e-01, -4.488631312712996202e-01, -1.518422996205407993e-01, 1.891607123180005443e-02, 2.348954368931033543e-01, 4.475349424136242371e-01
1.370335512877261797e-01, -8.796788201688048037e-02, -8.307137648713425887e-03, -8.125145632514033101e-02, -2.072267034029716959e-01, -5.684952492259524003e-03, -1.211960234827227506e-01, 4.177764920220942285e-02, 1.714370626460341995e-01, -1.146785033297643697e-01
1.130526593934955831e-01, 1.247728224287201759e-01, 7.850823506928189532e-02, 4.553683046643351023e-02, -6.210693869021373381e-02, 1.728417828773598786e-01, 8.359077722716919123e-02, -9.287475649256082821e-03, 5.575264254891516141e-02, -1.801642562240111378e-01
-5.824829119336888406e-02, -4.903739549799952108e-02, 1.132445571214786700e-01, -7.333954345080641313e-02, -8.317627621855268327e-02, -4.145793325012438885e-02, -5.310239277934526714e-02, 4.949103870087245283e-01, -1.248308645897906605e-01, 7.098277037374066574e-03
-1.030340108218902734e-01, -2.670225059973247994e-01, 1.201439344475879745e-02, -1.712568048318543756e-01, 1.214229069642668545e-02, -3.138913285301844075e-02, -1.024653068456031907e-01, 3.028973368880959471e-01, 2.775308892439664124e-02, -2.779032438745467418e-02
9.655962281819070736e-02, -2.079719275695954966e-02, 1.706747242450852575e-01, 7.757184569715119826e-02, -8.231864707495831972e-05, -4.167513809776967060e-01, 1.586804154777541054e-01, 3.702142178351270352e-01, -1.981745495743029439e-01, -7.805943231432694272e-03
2.591738075728811357e-03, 7.942002537364838133e-02, 2.642972337678560404e-03, -4.732297832468486676e-01, 1.251839979485273868e-01, 2.981947250972961580e-02, -8.524470275735532288e-02, -1.218601087447092335e-01, -2.999669580520502588e-01, 1.392801023018056250e-01
-1.131726152733305568e-01, -1.117915180306071343e-01, -1.950945831644788353e-01, -1.590065945381904933e-01, 2.857678780585605760e-01, -7.000298064020078759e-02, -1.636231476395856588e-01, -2.216816865652706040e-02, 6.250078892859193269e-01, -1.050299638026026688e-01
-1.359663616043794987e-01, -6.882540331676284540e-02, -1.818488503545932222e-01, -1.951244901887187189e-01, 1.737534414436236740e-01, -2.805587971521605328e-01, -1.747110415545148898e-01, -2.835929702116277151e-01, 1.943038668189012441e-01, 2.743089303402889700e-01
-9.577368821773765695e-02, 1.999295786040898582e-01, -1.095240018167130402e-01, -2.173184684132695443e-01, -1.456829688491445007e-01, 9.855557697059456890e-02, -1.310954016479768669e-01, 4.126665995082087757e-01, -3.281256058106424844e-01, -2.185189053671852955e-02
-8.911395809007802149e-02, -5.745890006225037178e-02, -1.811001710160597966e-01, 5.009976828226334056e-02, 8.846138768434011479e-02, 1.597478596927464356e-01, -4.453343298785467086e-01, 1.149980670401709176e-01, -8.676628291476320975e-02, 4.966198054450508825e-02
8.532228559479120011e-02, 6.471465280198110404e-02, -7.630446582424653401e-02, 2.589013133750625029e-01, 1.713678592478601326e-02, -1.630237591217191528e-01, -5.999720268449384997e-02, -4.593687856992086926e-01, -6.156560827490309418e-02, 9.992665618201947153e-02
2.999416343590841430e-02, -3.744686886066303511e-02, -2.027990861408686396e-02, -8.488077212234319824e-02, -3.079959639999917398e-01, -5.737700537511384452e-02, -6.194071680370545618e-02, 1.147261615038687281e-02, 6.216688519914904953e-02, -1.176564390104776897e-01
1.767185432790678856e-01, 3.023215011773921490e-01, -2.415380297661360864e-01, 2.569365647252085938e-01, -4.214341370821497734e-02, -2.850266309978057855e-01, 1.538829426159133984e-01, 1.995782328042995657e-01, -7.785247692127600372e-02, 6.527983726171354695e-02
-8.705212451555545405e-02, 5.886089190186484521e-02, 9.947929986069518893e-02, -3.187978825744850475e-01, 2.638817638376592459e-02, 2.193934196568141093e-02, -2.109610265105618665e-01, -2.177546862953083917e-01, 1.125334191812078083e-01, -2.530620681267096161e-01
-1.734946344729327294e-01, -1.372720918596888676e-02, -2.514914855163196683e-01, -4.740719082055528943e-01, -2.046851683871564187e-01, 1.308809288490878076e-01, -2.166821641206390092e-02, 1.975424818184660369e-01, -3.623282286139606345e-02, 7.813030373307983112e-02
1.800327790844542530e-01, -1.281245792440725562e-01, -2.763397073505330630e-03, 2.404977555954701529e-02, -1.547358920662196546e-01, -8.733496020833670173e-03, 1.553109378314750655e-01, 6.082287430878271367e-02, -1.707419364600520073e-01, -1.982037361246037077e-01
-4.748144487620925558e-02, 4.788761349015374646e-02, -3.928212080499914882e-01, -3.403465832780728367e-02, -8.916662111272619096e-02, -5.296092451834297915e-02, -1.699437661294766477e-01, -2.200034382045877035e-01, -3.281296754252585046e-01, -1.887390340447642478e-01
1.461486555795444009e-01, -3.843170088659087491e-01, 1.035963374230925299e-01, -4.700242443237911266e-02, -2.775611734720491788e-02, -2.928553506282253194e-01, -8.939087740569574836e-02, 1.272280133059345841e-01, 1.880912571330528235e-02, 2.601771596570447986e-01
8.861589813203614441e-02, 1.275986911594124418e-01, 9.111693611617064856e-03, 1.236773343043907989e-03, -7.102648483148839981e-04, 2.770326198959655040e-01, 9.442113044822723900e-02, 5.418352321766300994e-02, -3.619657628462403381e-02, 1.713606844766822623e-01
6.602390160496146576e-02, 2.968640397529520580e-01, 9.503353757577562289e-02, 8.880082216548892959e-02, -4.333466043404045620e-01, -4.187054946743311024e-01, -4.817778448648353251e-01, 8.261801969605589435e-02, 1.249257159302754189e-01, 1.929396887917876058e-01
3.677736361861972531e-02, -5.855264738067767621e-02, -2.523301582064181939e-02, -9.880520503532248811e-02, -3.770604148933257016e-02, -1.278826347535144126e-01, 1.487523641242814165e-01, -9.717857527259224359e-02, -3.064995580701324746e-03, 3.538480279104613269e-01
1.739953964845853684e-01, -6.215620679801818760e-01, 1.820518775933047395e-01, 1.585531364772488905e-01, -1.063783368951293773e-01, -7.570033040994381124e-02, 1.182465706362157420e-01, -1.980035151441934815e-01, 5.349533834417365130e-02, 6.372007305623916817e-02
4.582344675515238712e-03, -8.396431036411186599e-02, -9.960729029382373034e-02, -1.111790854605005929e-01, 4.436500556413260771e-02, 1.403618258926538770e-02, 2.087670733690676350e-01, 3.688064436304556715e-01, -3.659475256261464360e-02, 8.001671711526425756e-02
1.589760499203459465e-01, -4.109430406495415689e-01, -5.306656266598062111e-01, 2.698274761963543322e-01, 7.612630401895495620e-03, -1.835163803865717813e-01, 3.561600602513751573e-02, -2.825036567041096583e-02, 4.619638474329840205e-01, -5.663554882659479484e-01
-9.271070240961572229e-02, 3.708376920961350964e-01, -1.419952450575890923e-01, 6.710270537153538439e-02, -1.116524134076451735e-01, -4.348631766944986016e-02, 2.003720060519279533e-01, 2.149335852394326507e-01, -2.288469975283109192e-01, -5.590157547784026931e-02
-1.453411250510698027e-01, -2.239850244892954700e-01, -8.341035764480224379e-02, 9.466031385891002237e-02, -6.299595174949253196e-02, 4.139369335436086095e-01, -6.758661599079755430e-03, 1.725596145402875370e-01, 5.003086841571258159e-01, -2.406182458084558384e-01
-2.755902216642120567e-02, -5.380734425900076529e-02, 7.381597583665151785e-02, -9.876019644760053451e-02, 4.098323077804187919e-01, -1.172954415762727104e-01, 1.471159331789239633e-01, -9.790583427462710986e-02, -1.302229453234552692e-01, 3.280700250737792478e-01
-1.492701554963013211e-01, 3.963369488252758976e-02, 5.788877895234565418e-01, -7.389563179096293732e-02, -1.558951661867300220e-01, -1.957176985514592071e-01, -3.030760637842429550e-01, 6.202721048007912158e-02, 1.326659815002767806e-01, 6.959325693674776880e-02
-4.113788234793511883e-02, -1.273470374806035255e-01, 2.685221260721889699e-02, -1.602580385304324673e-01, -1.464162038195502280e-01, -3.853059511254804947e-01, 4.654419415242256886e-01, -2.275036949477681758e-01, 1.506610793041948393e-01, -2.568531785336353179e-01
4.256755026607508124e-02, 1.789795237638507064e-01, -1.060778462558807228e-01, -3.341072755658756888e-02, -1.008083283419293485e-02, 2.102649267419747781e-01, -1.155510865929855607e-01, -2.132572994554831625e-01, -6.883424455000073383e-01, 1.732546208085155026e-01
-9.774910078942315728e-02, -2.240828262589296960e-01, 4.310275243178156301e-02, 1.875645046656518877e-01, -6.112546681803872339e-02, 8.444227976270740621e-02, -1.970727793905819366e-03, 6.475994230329908119e-02, -1.551697636824063975e-01, -3.041320273235528782e-01
2.354377357163583706e-01, -2.570740302026660595e-01, 1.654508396653215363e-01, 1.433792703242574018e-01, 3.425093227157642306e-01, -2.170673285732643287e-01, -8.133868098003772459e-03, 2.124862094186335398e-02, -1.400019428822034118e-01, 1.582356687239105941e-01
1.372760410636983675e-01, 4.500257075757864711e-01, -1.216613472818640213e-01, 5.359148723468999675e-02, 2.157649036803131193e-01, 1.328384074295646811e-01, -1.144112413385366955e-01, -7.017720071946424720e-02, 3.954649658537838786e-01, -6.756434745988641744e-02
-1.371890752992881990e-01, 8.843663852595540220e-02, -4.359748522120428238e-02, -3.104897836558223947e-02, -1.523314189737196012e-01, 1.313191408400192217e-01, -2.571993880888170936e-02, 8.822464698800897009e-02, -1.330200628575435862e-01, 1.040583924229767365e-01
-1.012700363843258289e-01, 1.946708467427600286e-01, -4.551212954149825296e-01, 3.223773255434836393e-01, 4.277976527426219922e-01, -2.307289698010742962e-01, -4.462247523528077853e-01, -2.788138050518669808e-01, 3.339646279434297926e-01, -9.795342759998429405e-02
5.425400699135885657e-02, 1.114520824706299457e-01, -6.669577729731631342e-03, 8.104790305305234824e-03, -7.339469963778533224e-02, -2.171068632848733582e-01, 1.971512360623430826e-01, -1.233782790441341065e-01, 2.001177205374078394e-01, -2.914149534719160523e-02
1.036247082857662261e-01, -3.240192026114461776e-01, 1.198613708905118397e-01, -9.088539518718810606e-02, 5.827474379458921078e-02, -2.388585430591704251e-01, -1.873780545383632590e-01, -2.862122857819183672e-02, -1.411673655210373690e-01, 1.303068496273328269e-01
1.403095005379374483e-01, -1.362542740161397092e-01, 1.919750344556515539e-02, 2.218410882576678789e-01, 6.495498049470257995e-02, -1.127540668772283872e-01, 1.030765848318646177e-01, 2.254395621414065909e-01, -1.808515786450878293e-01, -4.474768357542563413e-02
-1.580753177665771697e-02, -2.190910257137621692e-02, 2.308105810132285440e-02, 1.378783550520396584e-01, 2.737895082510328759e-01, 8.191566867428461129e-02, 4.331688584250086710e-02, 2.371321773013220224e-01, 3.040058192157309991e-01, 1.319017634622373335e-02
2.258121286481927781e-01, 3.110417358094283991e-01, 2.277704392207788586e-01, -4.092057971415914014e-02, -2.736142042915121197e-01, 1.905751791288297636e-01, 1.648376494133114711e-01, -2.126588913483857535e-01, 1.862602492379980546e-01, -2.317140834183757936e-01
-1.890117201380247802e-01, -1.250625833017906530e-01, -4.579620005756782075e-02, 2.524037096538216951e-01, 1.447364111428011968e-01, 3.504341182804502353e-01, -2.254412964378190720e-01, -2.119887094743304889e-01, -7.853996147165696537e-03, 2.293591059049444880e-01
-6.926763835493392196e-02, 1.679131051105803851e-01, -1.191900236451778616e-01, -1.214593436548151995e-01, -1.052550981879845221e-01, 3.674606747803773055e-01, 4.198376804849857646e-01, 2.464480109955216602e-01, -1.991874729148044865e-01, -8.890491085556057049e-02
-3.305824330671055383e-02, 3.507990862553446443e-02, 2.267794486734371062e-01, -2.919837814558477393e-02, -4.311375318797364131e-02, 3.270012822961663318e-02, -4.422191905910735077e-01, 1.201378774096065888e-01, 3.033011920653400084e-01, 9.103668824163847761e-02
-1.356118970677705135e-02, -9.447466969220440214e-02, 1.294537847718808254e-01, 1.084683960062044483e-01, 2.537884147614929975e-01, 7.034513546521985183e-02, -1.045564051721081938e-01, 1.291862068026248256e-01, 2.815730624970523288e-01, -1.370483408358382504e-01
2.902121611918015986e-01, 2.476462766732966114e-01, -9.358545675315046997e-02, -2.940280453426022955e-01, -2.370643819904746097e-01, 2.262889811931968476e-01, -1.764388048481050075e-01, -1.016406052648798908e-01, -5.894882593989628911e-02, -1.728166467044379984e-01
-1.778920396846444263e-01, -5.208169654617653133e-02, -4.388334098322522331e-02, -1.208415736705353849e-01, 2.791123244781327367e-02, 2.774275395278364819e-03, -1.598664229347189214e-01, -2.467624377986245843e-01, 4.091882046761836228e-02, -3.471629796993301875e-01
1.619481968916668124e-01, 3.171907928310661179e-02, -5.981771058982251338e-02, 9.860233578898712492e-02, 4.119659785081318006e-03, -5.165905546006367005e-03, 2.799803428563572560e-01, 1.232793238683291964e-01, 9.833042707561001627e-02, 2.970421435539182253e-01
2.603031076552268508e-01, -1.200806202179494214e-01, -2.294483829188866952e-01, -9.722114595618351618e-02, -1.143313390649386835e-01, 2.485240747787551552e-01, -1.604931661685829181e-01, 6.504687375693883611e-02, 6.092462770338833572e-02, -1.441762902885603825e-01
-2.972771300581054585e-02, -8.311110225287959841e-02, -2.418585968719859924e-01, -1.827583268076742873e-01, -2.518325346594547098e-01, -1.784848655657806371e-01, 5.996929329389772551e-02, 1.517329613173786507e-01, -5.223377140046623346e-01, 9.603473839121232092e-02
1.693387841311722319e-01, 1.221148916079252827e-01, 1.526776035497274531e-01, -5.692882964685395258e-02, -4.182933073950743097e-01, 1.570298956705220295e-01, -3.772606913307513521e-01, 1.848889218993662042e-01, 2.681316232945962219e-01, -2.687574977596025178e-02
-1.978121462582425050e-01, 1.937612934283024224e-01, 4.447180942280518079e-01, -2.644524698184107514e-01, -2.788532461482475799e-01, 1.356070721098667602e-02, -7.774335040180842260e-02, 4.173715110542205314e-02, 7.153006222976600326e-02, 6.441018168514806019e-02
1.373116558297755585e-01, 1.256245706030207632e-01, 2.478161640217443895e-01, -1.122982566664380288e-01, 2.218962403508388803e-01, 6.350360121150169790e-02, 5.086165387626749579e-02, -2.010518005012315590e-02, -1.733749921440105868e-01, 5.433138146805193552e-02
7.054816411687865607e-02, -1.668321541806715158e-01, 2.897102271652072236e-01, 5.931336620059701747e-01, -4.430835095057446965e-02, -1.271025943526193913e-01, -5.207518971860707752e-02, -6.188751174131095628e-02, 1.924546680662935494e-01, -1.986190104478064156e-01
1.800758754794188482e-02, 5.275257784143740601e-03, 4.349218037565243805e-02, 3.822126507102242051e-03, -1.303006312156091417e-01, 8.130932866594037245e-02, 1.455058029322385260e-01, -4.994876366051473338e-02, -2.721061940343706964e-01, -3.761332571659892644e-03
2.215485151917409301e-01, -1.610493379036746220e-01, -2.553475788166638116e-01, 1.628439807832516018e-01, 1.362175563686313373e-01, -4.956540592159899838e-01, 1.247872171183737333e-01, 2.353807875361488278e-01, -1.267875989999023567e-01, 1.921730885588254223e-01
6.983932460202273845e-03, 4.809061173754239915e-01, 6.862148725595644538e-02, -8.396865644891121638e-02, -2.029816941166833477e-01, -9.546575818204823538e-02, 1.323072672987196385e-01, 1.717343072754869832e-02, 3.559603287818507988e-01, -1.985964062585927059e-01
-1.515618830814100815e-01, -9.639208727386942843e-02, -1.281458049922161446e-01, -2.651280435470317887e-01, -4.633003996246183309e-01, -1.775918608426978740e-01, -2.508521680339118598e-01, -2.910819231899856030e-01, -5.585785423723425847e-02, -2.283005406167513685e-01
-2.628482494966593030e-01, -2.106723549394279305e-01, 1.556828350160930838e-02, -5.067521557535250576e-01, 1.753877670274008316e-01, 1.865898760228157024e-02, -3.554164115977952454e-01, 2.328190678392750082e-02, 1.776375591360889183e-01, -7.596510515750658221e-02
-1.736597730841304421e-01, 1.620595715419755056e-01, 3.225882163520598506e-02, -3.106080026350689915e-01, -2.358934166578854075e-01, -6.136250192121179836e-01, 1.434534147554351879e-01, 3.000183334755039399e-01, 2.979440104396279265e-01, 1.349279647526556991e-01
5.431558640187647558e-02, 1.164619598736724299e-01, 1.324962971017494551e-01, 5.701232582885506356e-02, 1.113102121552353579e-01, 2.845199757987788569e-01, -1.021121812689474578e-01, 2.410838986292886815e-02, 8.586326216121504401e-03, -4.184072236524719046e-02
-1.286561674857696069e-01, -9.027876316670443990e-02, -1.762310250478404117e-01, 5.628366934224674281e-03, 1.343607092004118764e-01, 1.359807930528725006e-01, -4.361589288763654398e-02, 8.705304821187791198e-02, 3.051185908633168298e-01, 8.017633343567913407e-02
7.980157590395987183e-03, -8.559051692763440522e-02, -4.152515899962858775e-02, 1.987456255190993004e-01, 1.214764640026409354e-01, -1.961096599064614532e-01, 1.300567642712898708e-01, 3.533505662460305341e-02, -1.462023445662862242e-01, -2.502560796710940894e-01
-2.764096070584036169e-01, -1.457903197121224702e-02, -3.237133694722690302e-01, 2.093813475822055015e-01, 1.463112920906085856e-01, -4.932465315013349616e-01, -7.203978965984278449e-02, -2.433668504644904418e-01, 1.236147144583103347e-01, 5.913007842086926563e-02
-1.783648925788762774e-01, 1.785362704839534020e-02, 1.424333538605287719e-01, -9.687783831429604142e-02, -1.627076135454551264e-02, 1.188487722699790861e-02, -1.358946570485595473e-01, 1.884470191641681169e-01, -9.475182855378705762e-03, 1.530162861515087236e-01
-3.855903345488709832e-01, 9.269423165135784112e-03, -2.404002403250232178e-01, 3.095887687412705591e-01, 4.659020307529059268e-01, 2.550954703916646360e-01, -3.003045044976322409e-01, -4.257235970800741232e-01, -3.987861797939492026e-01, 4.726958401693405198e-01
6.917120349075514540e-02, 4.976786317700002127e-02, -4.428738818939386264e-05, -8.229220226188219134e-02, -1.038360248118594537e-01, 5.671062122138090800e-01, -1.220977264077394986e-01, 1.012434373129577209e-01, 4.577498476996970100e-01, -1.543894431332405726e-01
-2.032286903738546660e-02, 7.338669197083733109e-02, 2.488291850305570929e-01, -1.456440844800727386e-01, 6.826587674074595380e-02, 2.821183761521323108e-01, 1.824763936536981657e-01, 2.251802953628912612e-02, -2.969955268450589353e-02, 2.765188127226042569e-01
3.754391999661706170e-02, -4.733952537449651055e-01, -2.186105810012247130e-01, -4.589759434680325267e-02, -6.528293275795260010e-03, -1.347744394350391395e-01, -1.880963036919056364e-01, -9.165758291532091762e-02, -3.302863083987871845e-02, -1.776674635502977495e-01
1.959686201474542255e-01, -1.559040754277721784e-02, -3.615267492066105426e-01, -1.609683529439486782e-01, 2.408222697295000214e-01, 1.613584521746130596e-01, -9.982424731549281727e-02, 3.027457278660116713e-01, -2.582853135897801855e-01, -4.033604233090984370e-01
4.724045546567932075e-01, 1.281964397233521791e-02, 4.800752881784348114e-01, 1.037812186951399089e-02, 6.779434356136508633e-02, -2.617419310749364292e-01, -1.821110109433184687e-01, 5.467108133830528988e-02, 2.126964467055167049e-02, 6.564858053429517559e-02
-9.320668291567002495e-02, -1.779544568622952461e-02, -1.857444449038619244e-02, 6.709308398476081237e-02, 2.407339856400989020e-02, -7.304440853353796892e-02, 1.259469155030827348e-01, 2.158199086194053373e-01, 1.054840877269331567e-01, 1.636230790865540741e-01
-1.400245830045722395e-01, 2.312027377091686042e-01, 1.997983267440056332e-01, -2.987450996823673988e-01, 2.933570898800406113e-01, 2.550099433629124390e-01, -2.326338578321305861e-01, -1.378891721234371814e-01, -4.712411742229620781e-01, 4.046411382204074814e-01
8.204598655260585127e-02, 5.923924513006944004e-01, -1.153144007349685141e-01, 1.529594589415039507e-01, -9.478170843419632396e-02, 1.536991772238546494e-01, 2.073123099309867046e-01, -4.473833303442115855e-02, 5.059211826564630893e-02, -2.973908957588568616e-02
5.642674145064665442e-02, -6.497512328062495790e-01, -5.370278829303033741e-02, 1.313534349543245827e-01, -4.857938757435326799e-02, -1.602451789425679216e-02, -6.333321767976586233e-03, 2.941704917870466285e-02, 8.344013624944066065e-02, -7.724321921429699866e-02
-7.765114788931630485e-02, -1.243572114641284809e-01, 9.005491603543468171e-02, 7.203520663941891111e-02, 7.566669052409161211e-02, 5.836541201013186603e-02, 6.306913923735694982e-02, -1.028381570348737978e-01, 3.548628372997080227e-01, 1.553453382057635446e-01
2.144015067567040245e-01, 1.796440681318775823e-01, 7.939752818809700519e-02, 3.431894901816334720e-01, 1.576065161093175293e-01, 1.764242711321426793e-01, 1.771834066130963392e-01, 1.769103626560372330e-02, 2.968739461197369423e-01, 1.264579020741431747e-01
3.317247326081605718e-02, 8.895340935953702233e-02, -2.345372038471084941e-01, 1.737085091012614824e-01, -1.764944936224873973e-01, -1.786091597148166121e-01, -4.541260213490228015e-02, -2.764858858710652623e-01, 1.015162538630640099e-03, 3.855935604397924266e-01
5.826311492967283998e-03, -1.729974001519395677e-01, 1.199128608280076586e-01, 1.347777952297258275e-01, 4.062783567443963295e-01, -8.012825918856950058e-02, -1.674659010269537451e-01, -3.325737923964294102e-02, 3.557751754824555745e-01, -1.145822242944059405e-01
-2.128350882725577042e-01, 2.108957814579286438e-01, -3.079137217371539365e-02, -1.177443416096173312e-01, -1.959452483037940063e-01, -1.593550192501318186e-01, -1.018244187072876311e-01, 3.321611693731276183e-01, 7.754028447750468955e-02, -2.200008440539889462e-02
1.060313894206186824e-01, 1.435558675140836959e-01, 7.891445698183910396e-02, 3.954640885715584031e-01, 1.072335953573642919e-01, 4.189093054601095156e-02, 1.116469853785917871e-01, 4.696154208721869949e-02, 6.800641412572606959e-02, 9.877572275608537122e-03
-2.184079151340812541e-01, -1.683487321452064034e-01, 2.407693702585226442e-02, -5.882793901519610402e-02, 1.478709548770154036e-01, -1.744542197555435104e-01, 1.136058657868185967e-01, -1.230277047702543342e-01, -4.025403686431928973e-03, 6.761978582672550919e-01
-3.446590378813942090e-02, -1.514117263387344259e-01, -1.030517785464105801e-01, -1.618885516909843170e-01, 2.390066979858271046e-01, 2.995436845565623840e-01, -2.004551757411296153e-01, 1.106339719955285877e-01, -1.572087626519576009e-01, -1.252724655612786897e-01
-2.058621430539034625e-01, -2.431196209867776958e-01, -7.973075836293901097e-02, 2.638276991467445320e-01, 5.642851071242802052e-02, 3.724386800224929739e-02, 1.198454295264886893e-01, 1.233091105191475023e-01, 2.227707699232534672e-02, 4.580898519129037588e-02
-2.147052289318730489e-01, -9.882669117193623731e-02, -1.452319182690670896e-01, -1.071407240879461431e-02, 2.871946384659455620e-01, 2.983965070065338829e-02, 1.680471565065903145e-02, -1.619243790479428236e-01, -1.308668011504845741e-01, 3.999475532162776598e-02
-2.443702505191705787e-01, -2.125029407364237566e-01, -1.577838956813773508e-01, -7.578436952748790478e-02, 9.063102608857788456e-02, 4.079658894976039701e-02, -1.352162748399598768e-01, 1.333005520034292735e-01, -2.882203176864714944e-01, -3.503602935615139358e-01
9.829078329945016568e-02, 3.894124024400870757e-03, 5.435677034455832501e-02, -2.523858711042076264e-01, 1.142193082970600071e-01, 2.390367341399545764e-01, -3.005717713044799844e-01, 2.131191539556657744e-01, 1.592102719493686258e-01, -4.598682696362140776e-01
-7.392347954135772281e-02, 1.789149965198363890e-01, 2.968941929447666550e-01, -2.622348253152141997e-02, -9.941517958592611948e-02, 1.980925105347879911e-01, 5.116795449889159283e-03, -1.665259377379633976e-01, -7.885499913863092125e-02, -3.062330915940281173e-02
2.191444529904442162e-01, -5.578155084372564410e-02, -1.371971653030934490e-01, 1.084442028122873936e-01, -4.153361893838872221e-02, -8.474551750043633758e-02, 4.405415559196896313e-01, 1.100738755586713920e-02, -2.987062262344587771e-02, -9.848606983536729864e-02
